count;dtCon
1;6368
2;5158
3;5051
4;5130
5;5086
6;5097
7;5043
8;5120
9;5060
10;5049
11;5064
12;5112
13;4993
14;5139
15;5102
16;5095
17;5083
18;5138
19;5092
20;5089
21;5102
22;5117
23;5008
24;5107
25;5067
26;5032
27;5061
28;5103
29;5027
30;5081
31;5084
32;5123
33;5062
34;5110
35;5127
36;5024
37;5127
38;5089
39;5055
40;5054
41;5108
42;5040
43;5054
44;5067
45;5105
46;5004
47;5114
48;5111
49;5075
50;5121
51;5128
52;5069
53;5084
54;5090
55;5100
56;5024
57;5097
58;5072
59;5018
60;5066
61;5118
62;5021
63;5106
64;5110
65;5109
66;5072
67;5139
68;5117
69;5046
70;5093
71;5115
72;5029
73;5112
74;5079
75;5049
76;5049
77;5097
78;5066
79;5071
80;5089
81;5133
82;5021
83;5135
84;5094
85;5065
86;5085
87;5107
88;5048
89;5039
90;5101
91;5061
92;5031
93;5068
94;5110
95;4997
96;5120
97;5100
98;5090
99;5098
100;5146
101;5087
102;5069
103;5085
104;5104
105;4993
106;5098
107;5067
108;5035
109;5060
110;5117
111;5038
112;5113
113;5104
114;5133
115;5055
116;5136
117;5103
118;5028
119;5080
120;5101
121;5024
122;5082
123;5076
124;5149
125;5268
126;5124
127;5088
128;5057
129;5107
130;5152
131;5025
132;5143
133;5104
134;5083
135;5065
136;5116
137;5057
138;5063
139;5081
140;5097
141;4996
142;5098
143;5128
144;5021
145;5134
146;5111
147;5101
148;5084
149;5121
150;5084
151;5060
152;5084
153;5099
154;5004
155;5099
156;5073
157;5033
158;5055
159;5107
160;5065
161;5085
162;5094
163;5142
164;5027
165;5142
166;5087
167;5039
168;5081
169;5109
170;5035
171;5067
172;5075
173;5088
174;5020
175;5109
176;5108
177;5062
178;5101
179;5141
180;5043
181;5130
182;5093
183;5089
184;5043
185;5115
186;5071
187;5058
188;5065
189;5097
190;5000
191;5117
192;5091
193;5073
194;5093
195;5138
196;5089
197;5076
198;5113
199;5085
200;5025
201;5079
202;5117
203;5008
204;5081
205;5083
206;5063
207;5053
208;5118
209;5097
210;5067
211;5106
212;5141
213;5008
214;5123
215;5076
216;5067
217;5063
218;5100
219;5061
220;5042
221;5084
222;5095
223;5001
224;5123
225;5097
226;5064
227;5103
228;5144
229;5054
230;5096
231;5079
232;5107
233;5014
234;5101
235;5066
236;5011
237;5068
238;5098
239;5028
240;5110
241;5102
242;5112
243;5080
244;5141
245;5101
246;5053
247;5092
248;5108
249;5001
250;5106
251;5060
252;5055
253;5025
254;5125
255;5066
256;5069
257;5143
258;5130
259;5063
260;5111
261;5137
262;5032
263;5119
264;5083
265;5081
266;5035
267;5108
268;5072
269;5028
270;5076
271;5101
272;5014
273;5127
274;5119
275;5091
276;5102
277;5141
278;5082
279;5076
280;5092
281;5124
282;5000
283;5103
284;5063
285;5032
286;5069
287;5109
288;5052
289;5083
290;5113
291;5141
292;5048
293;5130
294;5114
295;5039
296;5080
297;5126
298;5011
299;5094
300;5065
301;5080
302;5025
303;5119
304;5087
305;5077
306;5107
307;5139
308;5045
309;5143
310;5097
311;5077
312;5089
313;5093
314;5089
315;5027
316;5093
317;5073
318;4998
319;5077
320;5100
321;5035
322;5123
323;5117
324;5112
325;5066
326;5139
327;5087
328;5056
329;5077
330;5113
331;4998
332;5094
333;5075
334;5046
335;5070
336;5113
337;5089
338;5093
339;5111
340;5153
341;5037
342;5144
343;5098
344;5047
345;5086
346;5109
347;5028
348;5073
349;5064
350;5089
351;5016
352;5115
353;5111
354;5055
355;5123
356;5163
357;5062
358;5116
359;5104
360;5089
361;5051
362;5108
363;5068
364;5026
365;5065
366;5103
367;4992
368;5128
369;5123
370;5070
371;5108
372;5109
373;5121
374;5058
375;5138
376;5088
377;5026
378;5079
379;5106
380;5011
381;5104
382;5075
383;5059
384;5046
385;5123
386;5104
387;5071
388;5127
389;5137
390;5033
391;5187
392;5087
393;5069
394;5061
395;5118
396;5048
397;5052
398;5061
399;5113
400;4995
401;5126
402;5104
403;5069
404;5117
405;5140
406;5068
407;5114
408;5101
409;5100
410;5026
411;5104
412;5075
413;5021
414;5057
415;5119
416;5020
417;5127
418;5104
419;5115
420;5080
421;5149
422;5129
423;5028
424;5129
425;5079
426;5033
427;5072
428;5098
429;5022
430;5074
431;5068
432;5098
433;5042
434;5133
435;5111
436;5055
437;5115
438;5122
439;5039
440;5109
441;5090
442;5071
443;5049
444;5101
445;5064
446;5033
447;5065
448;5130
449;5003
450;5137
451;5111
452;5087
453;5089
454;5126
455;5081
456;5073
457;5097
458;5129
459;5010
460;5111
461;5085
462;5034
463;5075
464;5120
465;5043
466;5107
467;5100
468;5135
469;5059
470;5162
471;5092
472;5056
473;5088
474;5113
475;5021
476;5092
477;5095
478;5029
479;5069
480;5069
481;5113
482;5028
483;5132
484;5112
485;5065
486;5109
487;5133
488;5049
489;5094
490;5088
491;5082
492;5038
493;5100
494;5065
495;5019
496;5077
497;5135
498;5030
499;5153
500;5119
501;5112
502;5078
503;5139
504;5098
505;5051
506;5088
507;5110
508;5008
509;5106
510;5079
511;5048
512;5065
513;5116
514;5070
515;5112
516;5116
517;5151
518;5044
519;5140
520;5092
521;5055
522;5082
523;5115
524;5028
525;5093
526;5070
527;5082
528;5021
529;5107
530;5104
531;5060
532;5148
533;5124
534;5074
535;5102
536;5122
537;5056
538;5073
539;5080
540;5093
541;5012
542;5095
543;5073
544;5019
545;5081
546;5135
547;5050
548;5124
549;5106
550;5128
551;5047
552;5140
553;5082
554;5038
555;5084
556;5098
557;5014
558;5090
559;5080
560;5071
561;5067
562;5132
563;5105
564;5088
565;5118
566;5140
567;5029
568;5132
569;5083
570;5061
571;5070
572;5104
573;5043
574;5053
575;5077
576;5099
577;5015
578;5119
579;5113
580;5093
581;5127
582;5135
583;5062
584;5101
585;5126
586;5072
587;5063
588;5078
589;5099
590;4986
591;5095
592;5098
593;5044
594;5106
595;5131
596;5081
597;5112
598;5117
599;5135
600;5031
601;5130
602;5084
603;5036
604;5078
605;5116
606;5012
607;5095
608;5072
609;5084
610;5060
611;5153
612;5123
613;5076
614;5110
615;5144
616;5027
617;5129
618;5083
619;5069
620;5056
621;5107
622;5056
623;5049
624;5071
625;5121
626;5013
627;5133
628;5127
629;5083
630;5108
631;5133
632;5071
633;5086
634;5100
635;5101
636;5021
637;5103
638;5067
639;5020
640;5097
641;5092
642;5071
643;5103
644;5131
645;5107
646;5088
647;5114
648;5127
649;5022
650;5128
651;5087
652;5043
653;5070
654;5119
655;5025
656;5089
657;5085
658;5113
659;5037
660;5138
661;5132
662;5081
663;5129
664;5128
665;5040
666;5121
667;5101
668;5086
669;5043
670;5114
671;5066
672;5037
673;5070
674;5128
675;5023
676;5142
677;5114
678;5095
679;5087
680;5125
681;5078
682;5076
683;5092
684;5120
685;5007
686;5096
687;5080
688;5034
689;5071
690;5156
691;5058
692;5126
693;5151
694;5114
695;5075
696;5119
697;5121
698;5011
699;5112
700;5082
701;5046
702;5057
703;5106
704;5034
705;5071
706;5086
707;5143
708;5041
709;5156
710;5117
711;5071
712;5109
713;5146
714;5050
715;5097
716;5093
717;5085
718;5030
719;5099
720;5077
721;5034
722;5093
723;5134
724;5038
725;5154
726;5110
727;5110
728;5072
729;5119
730;5087
731;5048
732;5096
733;5115
734;5000
735;5097
736;5087
737;5045
738;5093
739;5133
740;5083
741;5096
742;5121
743;5147
744;5059
745;5113
746;5118
747;5019
748;5111
749;5099
750;5046
751;5060
752;5096
753;5069
754;5070
755;5094
756;5142
757;5031
758;5160
759;5104
760;5086
761;5096
762;5133
763;5051
764;5094
765;5084
766;5108
767;5015
768;5095
769;5079
770;5029
771;5100
772;5155
773;5057
774;5146
775;5113
776;5121
777;5064
778;5134
779;5086
780;5043
781;5076
782;5110
783;4998
784;5115
785;5086
786;5067
787;5082
788;5142
789;5112
790;5095
791;5126
792;5132
793;5032
794;5123
795;5105
796;5025
797;5091
798;5076
799;5060
800;5036
801;5106
802;5094
803;5036
804;5111
805;5140
806;5029
807;5144
808;5102
809;5081
810;5074
811;5130
812;5065
813;5071
814;5081
815;5132
816;5011
817;5103
818;5089
819;5041
820;5112
821;5137
822;5090
823;5113
824;5110
825;5134
826;5046
827;5121
828;5080
829;5033
830;5077
831;5103
832;5005
833;5101
834;5083
835;5097
836;5068
837;5145
838;5126
839;5086
840;5115
841;5130
842;5019
843;5119
844;5092
845;5053
846;5057
847;5112
848;5045
849;5067
850;5106
851;5102
852;5047
853;5114
854;5134
855;5045
856;5139
857;5099
858;5083
859;5058
860;5122
861;5076
862;5045
863;5069
864;5127
865;4991
866;5138
867;5097
868;5072
869;5102
870;5137
871;5091
872;5099
873;5123
874;5122
875;5027
876;5130
877;5085
878;5043
879;5076
880;5104
881;5021
882;5101
883;5092
884;5114
885;5069
886;5147
887;5124
888;5067
889;5110
890;5127
891;5023
892;5114
893;5081
894;5070
895;5044
896;5097
897;5068
898;5045
899;5082
900;5140
901;5018
902;5140
903;5141
904;5066
905;5110
906;5112
907;5084
908;5047
909;5108
910;5078
911;5030
912;5074
913;5109
914;4999
915;5131
916;5104
917;5136
918;5101
919;5162
920;5095
921;5089
922;5103
923;5124
924;5021
925;5110
926;5086
927;5036
928;5081
929;5113
930;5040
931;5092
932;5091
933;5136
934;5050
935;5156
936;5110
937;5060
938;5096
939;5123
940;5033
941;5100
942;5084
943;5078
944;5043
945;5105
946;5091
947;5032
948;5109
949;5143
950;5046
951;5146
952;5119
953;5093
954;5099
955;5107
956;5097
957;5045
958;5107
959;5077
960;5011
961;5078
962;5107
963;5021
964;5136
965;5108
966;5113
967;5086
968;5179
969;5109
970;5078
971;5092
972;5122
973;5011
974;5102
975;5079
976;5040
977;5079
978;5107
979;5071
980;5082
981;5108
982;5161
983;5038
984;5148
985;5110
986;5056
987;5090
988;5125
989;5033
990;5092
991;5078
992;5090
993;5022
994;5118
995;5093
996;5038
997;5120
998;5148
999;5068
1000;5141
1001;5116
1002;5103
1003;5070
1004;5121
1005;5103
1006;5031
1007;5102
1008;5091
1009;5013
1010;5089
1011;5107
1012;5045
1013;5119
1014;5113
1015;5122
1016;5076
1017;5143
1018;5098
1019;5070
1020;5088
1021;5131
1022;5004
1023;5114
1024;5077
1025;5060
1026;5070
1027;5117
1028;5090
1029;5071
1030;5123
1031;5137
1032;5041
1033;5141
1034;5110
1035;5064
1036;5097
1037;5128
1038;5048
1039;5077
1040;5073
1041;5107
1042;5022
1043;5112
1044;5104
1045;5054
1046;5115
1047;5144
1048;5071
1049;5125
1050;5106
1051;5094
1052;5054
1053;5106
1054;5093
1055;5034
1056;5068
1057;5102
1058;5019
1059;5087
1060;5127
1061;5075
1062;5107
1063;5120
1064;5122
1065;5061
1066;5126
1067;5103
1068;5037
1069;5084
1070;5134
1071;5012
1072;5102
1073;5070
1074;5091
1075;5048
1076;5135
1077;5116
1078;5089
1079;5117
1080;5138
1081;5048
1082;5142
1083;5104
1084;5064
1085;5074
1086;5125
1087;5053
1088;5066
1089;5073
1090;5110
1091;4993
1092;5125
1093;5094
1094;5081
1095;5123
1096;5148
1097;5072
1098;5105
1099;5104
1100;5112
1101;5040
1102;5105
1103;5094
1104;5012
1105;5078
1106;5103
1107;5017
1108;5150
1109;5142
1110;5089
1111;5108
1112;5161
1113;5136
1114;5081
1115;5128
1116;5099
1117;5027
1118;5128
1119;5127
1120;5014
1121;5120
1122;5101
1123;5114
1124;5058
1125;5130
1126;5118
1127;5095
1128;5155
1129;5136
1130;5033
1131;5125
1132;5091
1133;5070
1134;5067
1135;5116
1136;5051
1137;5064
1138;5080
1139;5129
1140;5004
1141;5136
1142;5114
1143;5077
1144;5125
1145;5153
1146;5076
1147;5102
1148;5102
1149;5104
1150;5027
1151;5112
1152;5082
1153;5015
1154;5082
1155;5107
1156;5033
1157;5115
1158;5134
1159;5105
1160;5104
1161;5111
1162;5138
1163;5036
1164;5123
1165;5103
1166;5036
1167;5070
1168;5104
1169;5023
1170;5086
1171;5084
1172;5131
1173;5046
1174;5147
1175;5117
1176;5093
1177;5132
1178;5140
1179;5034
1180;5116
1181;5093
1182;5061
1183;5051
1184;5102
1185;5070
1186;5046
1187;5079
1188;5129
1189;5017
1190;5143
1191;5122
1192;5120
1193;5137
1194;5153
1195;5077
1196;5089
1197;5099
1198;5115
1199;5020
1200;5103
1201;5082
1202;5024
1203;5082
1204;5127
1205;5053
1206;5116
1207;5121
1208;5140
1209;5099
1210;5121
1211;5127
1212;5023
1213;5116
1214;5094
1215;5033
1216;5076
1217;5097
1218;5033
1219;5072
1220;5082
1221;5123
1222;5051
1223;5171
1224;5121
1225;5078
1226;5109
1227;5132
1228;5043
1229;5103
1230;5090
1231;5070
1232;5051
1233;5097
1234;5089
1235;5032
1236;5102
1237;5143
1238;5022
1239;5142
1240;5121
1241;5111
1242;5083
1243;5134
1244;5077
1245;5070
1246;5088
1247;5114
1248;4997
1249;5111
1250;5079
1251;5032
1252;5087
1253;5122
1254;5078
1255;5108
1256;5121
1257;5145
1258;5052
1259;5138
1260;5119
1261;5016
1262;5126
1263;5085
1264;5045
1265;5077
1266;5097
1267;5059
1268;5063
1269;5099
1270;5137
1271;5040
1272;5171
1273;5135
1274;5095
1275;5105
1276;5149
1277;5045
1278;5092
1279;5085
1280;5080
1281;5024
1282;5100
1283;5089
1284;5020
1285;5099
1286;5146
1287;5048
1288;5162
1289;5127
1290;5109
1291;5074
1292;5130
1293;5080
1294;5059
1295;5078
1296;5110
1297;4993
1298;5113
1299;5085
1300;5060
1301;5091
1302;5144
1303;5090
1304;5106
1305;5127
1306;5131
1307;5036
1308;5118
1309;5094
1310;5032
1311;5085
1312;5112
1313;5043
1314;5054
1315;5105
1316;5076
1317;5059
1318;5108
1319;5146
1320;5028
1321;5136
1322;5102
1323;5066
1324;5082
1325;5144
1326;5048
1327;5091
1328;5086
1329;5118
1330;5016
1331;5103
1332;5093
1333;5036
1334;5110
1335;5134
1336;5081
1337;5134
1338;5122
1339;5103
1340;5065
1341;5129
1342;5084
1343;5041
1344;5074
1345;5111
1346;4997
1347;5110
1348;5075
1349;5078
1350;5074
1351;5145
1352;5099
1353;5094
1354;5116
1355;5143
1356;5020
1357;5118
1358;5093
1359;5041
1360;5086
1361;5101
1362;5042
1363;5070
1364;5077
1365;5183
1366;5067
1367;5132
1368;5147
1369;5039
1370;5139
1371;5118
1372;5068
1373;5083
1374;5107
1375;5062
1376;5085
1377;5073
1378;5107
1379;4988
1380;5128
1381;5090
1382;5063
1383;5115
1384;5147
1385;5073
1386;5113
1387;5106
1388;5106
1389;5041
1390;5113
1391;5091
1392;5023
1393;5080
1394;5114
1395;5010
1396;5111
1397;5089
1398;5106
1399;5073
1400;5153
1401;5117
1402;5084
1403;5110
1404;5132
1405;5015
1406;5128
1407;5098
1408;5049
1409;5071
1410;5098
1411;5060
1412;5057
1413;5101
1414;5128
1415;5029
1416;5149
1417;5139
1418;5049
1419;5146
1420;5108
1421;5074
1422;5078
1423;5102
1424;5078
1425;5045
1426;5087
1427;5116
1428;4996
1429;5131
1430;5089
1431;5076
1432;5109
1433;5162
1434;5084
1435;5101
1436;5106
1437;5110
1438;5020
1439;5104
1440;5092
1441;5021
1442;5078
1443;5103
1444;5026
1445;5103
1446;5108
1447;5135
1448;5071
1449;5160
1450;5116
1451;5062
1452;5095
1453;5136
1454;5015
1455;5119
1456;5078
1457;5068
1458;5048
1459;5120
1460;5069
1461;5054
1462;5111
1463;5137
1464;5037
1465;5140
1466;5121
1467;5073
1468;5125
1469;5099
1470;5081
1471;5054
1472;5105
1473;5076
1474;5027
1475;5076
1476;5102
1477;5000
1478;5140
1479;5119
1480;5096
1481;5090
1482;5149
1483;5087
1484;5100
1485;5095
1486;5129
1487;5011
1488;5116
1489;5086
1490;5036
1491;5094
1492;5101
1493;5054
1494;5092
1495;5118
1496;5143
1497;5065
1498;5155
1499;5125
1500;5054
1501;5101
1502;5120
1503;5028
1504;5112
1505;5082
1506;5084
1507;5038
1508;5110
1509;5084
1510;5055
1511;5116
1512;5164
1513;5043
1514;5134
1515;5121
1516;5075
1517;5087
1518;5127
1519;5086
1520;5043
1521;5103
1522;5080
1523;5019
1524;5084
1525;5103
1526;5032
1527;5128
1528;5115
1529;5131
1530;5099
1531;5144
1532;5092
1533;5073
1534;5084
1535;5124
1536;4993
1537;5115
1538;5065
1539;5056
1540;5067
1541;5113
1542;5068
1543;5092
1544;5118
1545;5136
1546;5055
1547;5141
1548;5115
1549;5040
1550;5106
1551;5135
1552;5028
1553;5092
1554;5072
1555;5085
1556;5020
1557;5127
1558;5086
1559;5059
1560;5119
1561;5159
1562;5053
1563;5140
1564;5111
1565;5072
1566;5072
1567;5102
1568;5074
1569;5042
1570;5082
1571;5096
1572;5013
1573;5085
1574;5108
1575;5045
1576;5122
1577;5120
1578;5118
1579;5084
1580;5135
1581;5101
1582;5048
1583;5097
1584;5118
1585;5005
1586;5112
1587;5069
1588;5060
1589;5046
1590;5143
1591;5092
1592;5083
1593;5130
1594;5137
1595;5049
1596;5138
1597;5113
1598;5045
1599;5096
1600;5116
1601;5044
1602;5078
1603;5076
1604;5102
1605;5010
1606;5117
1607;5090
1608;5062
1609;5105
1610;5148
1611;5162
1612;5306
1613;5114
1614;5089
1615;5063
1616;5119
1617;5080
1618;5042
1619;5070
1620;5114
1621;4992
1622;5135
1623;5127
1624;5065
1625;5124
1626;5124
1627;5114
1628;5055
1629;5128
1630;5089
1631;5056
1632;5082
1633;5109
1634;5002
1635;5116
1636;5084
1637;5070
1638;5057
1639;5125
1640;5101
1641;5074
1642;5128
1643;5142
1644;5038
1645;5127
1646;5108
1647;5061
1648;5084
1649;5120
1650;5041
1651;5076
1652;5070
1653;5115
1654;5011
1655;5146
1656;5103
1657;5082
1658;5116
1659;5153
1660;5059
1661;5110
1662;5099
1663;5091
1664;5030
1665;5097
1666;5085
1667;5018
1668;5083
1669;5108
1670;5014
1671;5127
1672;5104
1673;5113
1674;5107
1675;5119
1676;5126
1677;5044
1678;5117
1679;5088
1680;5037
1681;5088
1682;5121
1683;5012
1684;5103
1685;5080
1686;5088
1687;5054
1688;5159
1689;5111
1690;5071
1691;5123
1692;5130
1693;5026
1694;5129
1695;5095
1696;5052
1697;5078
1698;5099
1699;5056
1700;5050
1701;5075
1702;5120
1703;5010
1704;5139
1705;5105
1706;5085
1707;5110
1708;5142
1709;5064
1710;5101
1711;5090
1712;5097
1713;5033
1714;5102
1715;5083
1716;5017
1717;5085
1718;5111
1719;5042
1720;5117
1721;5124
1722;5124
1723;5074
1724;5144
1725;5105
1726;5049
1727;5118
1728;5094
1729;5026
1730;5083
1731;5098
1732;5032
1733;5111
1734;5090
1735;5105
1736;5050
1737;5145
1738;5109
1739;5069
1740;5113
1741;5147
1742;5029
1743;5124
1744;5086
1745;5075
1746;5046
1747;5102
1748;5093
1749;5039
1750;5077
1751;5126
1752;5015
1753;5151
1754;5119
1755;5098
1756;5094
1757;5137
1758;5064
1759;5087
1760;5077
1761;5115
1762;5009
1763;5102
1764;5077
1765;5025
1766;5088
1767;5123
1768;5064
1769;5104
1770;5130
1771;5130
1772;5071
1773;5138
1774;5097
1775;5034
1776;5088
1777;5113
1778;5009
1779;5099
1780;5109
1781;5048
1782;5064
1783;5103
1784;5138
1785;5051
1786;5145
1787;5113
1788;5075
1789;5101
1790;5133
1791;5033
1792;5108
1793;5085
1794;5087
1795;5027
1796;5091
1797;5073
1798;5020
1799;5093
1800;5121
1801;5050
1802;5147
1803;5127
1804;5099
1805;5080
1806;5139
1807;5088
1808;5067
1809;5081
1810;5121
1811;4989
1812;5115
1813;5069
1814;5052
1815;5092
1816;5131
1817;5086
1818;5112
1819;5128
1820;5138
1821;5043
1822;5134
1823;5098
1824;5042
1825;5096
1826;5113
1827;5021
1828;5089
1829;5066
1830;5102
1831;5037
1832;5135
1833;5145
1834;5034
1835;5154
1836;5125
1837;5064
1838;5097
1839;5113
1840;5044
1841;5082
1842;5075
1843;5100
1844;5010
1845;5119
1846;5095
1847;5034
1848;5112
1849;5146
1850;5065
1851;5146
1852;5127
1853;5100
1854;5077
1855;5119
1856;5098
1857;5040
1858;5084
1859;5114
1860;4998
1861;5110
1862;5075
1863;5071
1864;5065
1865;5148
1866;5096
1867;5107
1868;5114
1869;5133
1870;5030
1871;5124
1872;5096
1873;5040
1874;5085
1875;5099
1876;5038
1877;5075
1878;5086
1879;5111
1880;5029
1881;5153
1882;5113
1883;5072
1884;5149
1885;5124
1886;5079
1887;5091
1888;5121
1889;5057
1890;5070
1891;5074
1892;5102
1893;4997
1894;5109
1895;5079
1896;5047
1897;5112
1898;5170
1899;5071
1900;5126
1901;5118
1902;5107
1903;5056
1904;5118
1905;5103
1906;5030
1907;5080
1908;5113
1909;5009
1910;5116
1911;5085
1912;5098
1913;5083
1914;5161
1915;5102
1916;5085
1917;5109
1918;5141
1919;5015
1920;5129
1921;5090
1922;5046
1923;5076
1924;5106
1925;5052
1926;5058
1927;5093
1928;5119
1929;5043
1930;5149
1931;5121
1932;5075
1933;5115
1934;5139
1935;5066
1936;5071
1937;5129
1938;5075
1939;5049
1940;5085
1941;5095
1942;5002
1943;5109
1944;5099
1945;5136
1946;5108
1947;5147
1948;5072
1949;5123
1950;5097
1951;5125
1952;5030
1953;5116
1954;5088
1955;5017
1956;5078
1957;5091
1958;5023
1959;5104
1960;5106
1961;5112
1962;5084
1963;5162
1964;5117
1965;5078
1966;5101
1967;5137
1968;5010
1969;5126
1970;5084
1971;5063
1972;5049
1973;5115
1974;5059
1975;5059
1976;5109
1977;5153
1978;5036
1979;5141
1980;5124
1981;5074
1982;5117
1983;5126
1984;5056
1985;5088
1986;5100
1987;5074
1988;5056
1989;5091
1990;5106
1991;5005
1992;5118
1993;5115
1994;5082
1995;5100
1996;5140
1997;5081
1998;5096
1999;5107
2000;5125
2001;5009
2002;5125
2003;5077
2004;5034
2005;5083
2006;5103
2007;5038
2008;5103
2009;5103
2010;5123
2011;5074
2012;5146
2013;5121
2014;5052
2015;5116
2016;5125
2017;5026
2018;5114
2019;5077
2020;5067
2021;5032
2022;5108
2023;5080
2024;5051
2025;5109
2026;5138
2027;5034
2028;5141
2029;5123
2030;5078
2031;5096
2032;5118
2033;5073
2034;5066
2035;5088
2036;5103
2037;5003
2038;5109
2039;5123
2040;5025
2041;5138
2042;5123
2043;5095
2044;5116
2045;5145
2046;5102
2047;5066
2048;5093
2049;5124
2050;5014
2051;5110
2052;5075
2053;5036
2054;5069
2055;5126
2056;5049
2057;5107
2058;5106
2059;5140
2060;5058
2061;5142
2062;5109
2063;5046
2064;5098
2065;5116
2066;5034
2067;5111
2068;5082
2069;5081
2070;5028
2071;5112
2072;5092
2073;5055
2074;5102
2075;5147
2076;5039
2077;5148
2078;5111
2079;5084
2080;5075
2081;5127
2082;5075
2083;5050
2084;5085
2085;5100
2086;4993
2087;5110
2088;5089
2089;5062
2090;5149
2091;5118
2092;5108
2093;5090
2094;5144
2095;5102
2096;5056
2097;5093
2098;5104
2099;5014
2100;5105
2101;5073
2102;5058
2103;5064
2104;5120
2105;5069
2106;5111
2107;5114
2108;5160
2109;5040
2110;5140
2111;5120
2112;5051
2113;5088
2114;5108
2115;5034
2116;5073
2117;5085
2118;5087
2119;5034
2120;5126
2121;5110
2122;5059
2123;5119
2124;5160
2125;5050
2126;5143
2127;5097
2128;5096
2129;5052
2130;5128
2131;5078
2132;5060
2133;5079
2134;5105
2135;4995
2136;5111
2137;5103
2138;5073
2139;5108
2140;5142
2141;5126
2142;5083
2143;5128
2144;5095
2145;5049
2146;5096
2147;5106
2148;5018
2149;5105
2150;5081
2151;5056
2152;5056
2153;5128
2154;5089
2155;5078
2156;5123
2157;5149
2158;5028
2159;5151
2160;5099
2161;5062
2162;5076
2163;5116
2164;5056
2165;5070
2166;5092
2167;5094
2168;5026
2169;5124
2170;5111
2171;5061
2172;5135
2173;5155
2174;5066
2175;5128
2176;5093
2177;5097
2178;5039
2179;5105
2180;5072
2181;5030
2182;5079
2183;5100
2184;5011
2185;5123
2186;5113
2187;5101
2188;5096
2189;5142
2190;5113
2191;5066
2192;5104
2193;5138
2194;5033
2195;5091
2196;5103
2197;5018
2198;5100
2199;5095
2200;5087
2201;5064
2202;5134
2203;5122
2204;5066
2205;5131
2206;5140
2207;5028
2208;5131
2209;5087
2210;5060
2211;5066
2212;5120
2213;5049
2214;5073
2215;5073
2216;5115
2217;5008
2218;5123
2219;5125
2220;5063
2221;5125
2222;5137
2223;5072
2224;5118
2225;5098
2226;5108
2227;5029
2228;5111
2229;5075
2230;5023
2231;5069
2232;5125
2233;5028
2234;5133
2235;5116
2236;5125
2237;5092
2238;5157
2239;5117
2240;5056
2241;5097
2242;5118
2243;5010
2244;5130
2245;5108
2246;5017
2247;5090
2248;5093
2249;5088
2250;5070
2251;5142
2252;5117
2253;5070
2254;5128
2255;5125
2256;5037
2257;5123
2258;5088
2259;5063
2260;5048
2261;5111
2262;5056
2263;5062
2264;5074
2265;5136
2266;5017
2267;5135
2268;5125
2269;5080
2270;5109
2271;5131
2272;5073
2273;5077
2274;5087
2275;5106
2276;5023
2277;5112
2278;5076
2279;5026
2280;5077
2281;5123
2282;5046
2283;5123
2284;5112
2285;5128
2286;5063
2287;5143
2288;5100
2289;5045
2290;5092
2291;5115
2292;5014
2293;5101
2294;5092
2295;5082
2296;5050
2297;5120
2298;5117
2299;5057
2300;5143
2301;5122
2302;5073
2303;5114
2304;5125
2305;5042
2306;5104
2307;5091
2308;5072
2309;5036
2310;5104
2311;5072
2312;5032
2313;5081
2314;5138
2315;5025
2316;5162
2317;5118
2318;5114
2319;5097
2320;5137
2321;5079
2322;5077
2323;5089
2324;5102
2325;5003
2326;5105
2327;5087
2328;5031
2329;5098
2330;5135
2331;5074
2332;5131
2333;5132
2334;5143
2335;5047
2336;5139
2337;5093
2338;5054
2339;5085
2340;5114
2341;5016
2342;5098
2343;5075
2344;5071
2345;5044
2346;5147
2347;5107
2348;5058
2349;5148
2350;5121
2351;5063
2352;5103
2353;5131
2354;5048
2355;5097
2356;5096
2357;5085
2358;5029
2359;5100
2360;5089
2361;5027
2362;5107
2363;5142
2364;5053
2365;5154
2366;5121
2367;5105
2368;5078
2369;5145
2370;5080
2371;5070
2372;5075
2373;5107
2374;4990
2375;5122
2376;5085
2377;5049
2378;5101
2379;5134
2380;5091
2381;5111
2382;5122
2383;5147
2384;5030
2385;5126
2386;5091
2387;5038
2388;5077
2389;5116
2390;5023
2391;5094
2392;5076
2393;5100
2394;5052
2395;5141
2396;5117
2397;5081
2398;5129
2399;5139
2400;5068
2401;5090
2402;5128
2403;5042
2404;5089
2405;5081
2406;5095
2407;5018
2408;5104
2409;5088
2410;5036
2411;5106
2412;5133
2413;5072
2414;5134
2415;5108
2416;5110
2417;5047
2418;5128
2419;5078
2420;5057
2421;5076
2422;5117
2423;4996
2424;5117
2425;5091
2426;5076
2427;5082
2428;5138
2429;5104
2430;5094
2431;5121
2432;5126
2433;5038
2434;5124
2435;5105
2436;5049
2437;5082
2438;5118
2439;5034
2440;5073
2441;5076
2442;5122
2443;5038
2444;5157
2445;5110
2446;5081
2447;5112
2448;5164
2449;5044
2450;5116
2451;5121
2452;5056
2453;5075
2454;5071
2455;5102
2456;5003
2457;5117
2458;5100
2459;5061
2460;5113
2461;5137
2462;5079
2463;5111
2464;5111
2465;5100
2466;5047
2467;5116
2468;5092
2469;5022
2470;5071
2471;5107
2472;5002
2473;5123
2474;5093
2475;5099
2476;5067
2477;5152
2478;5114
2479;5087
2480;5116
2481;5141
2482;5021
2483;5112
2484;5098
2485;5048
2486;5068
2487;5112
2488;5058
2489;5075
2490;5100
2491;5136
2492;5034
2493;5154
2494;5118
2495;5078
2496;5105
2497;5138
2498;5050
2499;5121
2500;5096
2501;5095
2502;5028
2503;5101
2504;5107
2505;4995
2506;5124
2507;5103
2508;5074
2509;5119
2510;5158
2511;5091
2512;5112
2513;5111
2514;5110
2515;5037
2516;5103
2517;5082
2518;5014
2519;5085
2520;5108
2521;5028
2522;5104
2523;5104
2524;5125
2525;5069
2526;5163
2527;5111
2528;5072
2529;5089
2530;5128
2531;5009
2532;5127
2533;5085
2534;5057
2535;5057
2536;5105
2537;5073
2538;5057
2539;5112
2540;5144
2541;5030
2542;5149
2543;5116
2544;5073
2545;5106
2546;5127
2547;5045
2548;5089
2549;5085
2550;5129
2551;5024
2552;5111
2553;5081
2554;5033
2555;5123
2556;5112
2557;5092
2558;5101
2559;5150
2560;5082
2561;5101
2562;5090
2563;5121
2564;5015
2565;5113
2566;5085
2567;5031
2568;5081
2569;5097
2570;5038
2571;5101
2572;5106
2573;5131
2574;5071
2575;5159
2576;5111
2577;5076
2578;5098
2579;5135
2580;5024
2581;5126
2582;5090
2583;5075
2584;5062
2585;5108
2586;5092
2587;5065
2588;5123
2589;5153
2590;5061
2591;5159
2592;5125
2593;5110
2594;5122
2595;5131
2596;5054
2597;5090
2598;5113
2599;5119
2600;5039
2601;5142
2602;5113
2603;5063
2604;5174
2605;5120
2606;5104
2607;5108
2608;5150
2609;5101
2610;5096
2611;5108
2612;5158
2613;5029
2614;5107
2615;5087
2616;5032
2617;5092
2618;5133
2619;5066
2620;5134
2621;5121
2622;5160
2623;5077
2624;5163
2625;5103
2626;5068
2627;5091
2628;5132
2629;5022
2630;5118
2631;5080
2632;5066
2633;5057
2634;5124
2635;5102
2636;5073
2637;5142
2638;5155
2639;5046
2640;5148
2641;5111
2642;5076
2643;5094
2644;5131
2645;5051
2646;5086
2647;5077
2648;5117
2649;5012
2650;5130
2651;5155
2652;5038
2653;5158
2654;5124
2655;5098
2656;5105
2657;5142
2658;5074
2659;5087
2660;5088
2661;5121
2662;5008
2663;5116
2664;5093
2665;5031
2666;5088
2667;5120
2668;5067
2669;5112
2670;5134
2671;5140
2672;5071
2673;5151
2674;5117
2675;5047
2676;5102
2677;5128
2678;5012
2679;5115
2680;5077
2681;5083
2682;5060
2683;5147
2684;5110
2685;5095
2686;5133
2687;5163
2688;5045
2689;5149
2690;5113
2691;5063
2692;5086
2693;5110
2694;5058
2695;5072
2696;5074
2697;5109
2698;5035
2699;5109
2700;5143
2701;5048
2702;5165
2703;5139
2704;5100
2705;5109
2706;5131
2707;5080
2708;5075
2709;5088
2710;5124
2711;4999
2712;5118
2713;5082
2714;5062
2715;5098
2716;5155
2717;5084
2718;5127
2719;5133
2720;5131
2721;5075
2722;5135
2723;5101
2724;5047
2725;5109
2726;5115
2727;5025
2728;5113
2729;5077
2730;5096
2731;5051
2732;5138
2733;5109
2734;5104
2735;5118
2736;5155
2737;5030
2738;5140
2739;5109
2740;5078
2741;5079
2742;5108
2743;5060
2744;5066
2745;5086
2746;5118
2747;5053
2748;5111
2749;5153
2750;5048
2751;5166
2752;5139
2753;5115
2754;5097
2755;5126
2756;5087
2757;5054
2758;5090
2759;5154
2760;5006
2761;5113
2762;5092
2763;5057
2764;5111
2765;5146
2766;5088
2767;5135
2768;5123
2769;5140
2770;5052
2771;5134
2772;5099
2773;5037
2774;5095
2775;5113
2776;5036
2777;5103
2778;5097
2779;5098
2780;5073
2781;5141
2782;5130
2783;5075
2784;5127
2785;5144
2786;5028
2787;5128
2788;5094
2789;5065
2790;5067
2791;5113
2792;5052
2793;5071
2794;5108
2795;5107
2796;5048
2797;5116
2798;5155
2799;5055
2800;5152
2801;5108
2802;5095
2803;5081
2804;5151
2805;5075
2806;5081
2807;5086
2808;5105
2809;5016
2810;5113
2811;5109
2812;5073
2813;5118
2814;5151
2815;5091
2816;5121
2817;5122
2818;5150
2819;5038
2820;5127
2821;5081
2822;5032
2823;5071
2824;5122
2825;5018
2826;5137
2827;5133
2828;5115
2829;5078
2830;5147
2831;5124
2832;5086
2833;5117
2834;5136
2835;5038
2836;5119
2837;5100
2838;5065
2839;5071
2840;5107
2841;5063
2842;5071
2843;5118
2844;5113
2845;5056
2846;5133
2847;5148
2848;5058
2849;5154
2850;5112
2851;5091
2852;5070
2853;5128
2854;5071
2855;5084
2856;5099
2857;5183
2858;5014
2859;5123
2860;5111
2861;5077
2862;5130
2863;5159
2864;5097
2865;5115
2866;5120
2867;5121
2868;5039
2869;5130
2870;5093
2871;5035
2872;5079
2873;5116
2874;5028
2875;5123
2876;5099
2877;5127
2878;5074
2879;5160
2880;5119
2881;5077
2882;5105
2883;5132
2884;5021
2885;5127
2886;5095
2887;5063
2888;5066
2889;5114
2890;5096
2891;5046
2892;5130
2893;5129
2894;5065
2895;5128
2896;5145
2897;5056
2898;5133
2899;5110
2900;5077
2901;5064
2902;5123
2903;5087
2904;5058
2905;5084
2906;5141
2907;5009
2908;5147
2909;5103
2910;5110
2911;5116
2912;5162
2913;5085
2914;5104
2915;5108
2916;5118
2917;5026
2918;5125
2919;5087
2920;5020
2921;5095
2922;5113
2923;5046
2924;5118
2925;5112
2926;5128
2927;5084
2928;5155
2929;5114
2930;5064
2931;5105
2932;5133
2933;5023
2934;5117
2935;5099
2936;5067
2937;5085
2938;5089
2939;5112
2940;5055
2941;5149
2942;5119
2943;5078
2944;5132
2945;5157
2946;5047
2947;5127
2948;5106
2949;5087
2950;5071
2951;5112
2952;5082
2953;5045
2954;5092
2955;5116
2956;5031
2957;5159
2958;5132
2959;5100
2960;5110
2961;5151
2962;5082
2963;5098
2964;5105
2965;5121
2966;5023
2967;5123
2968;5080
2969;5031
2970;5094
2971;5114
2972;5063
2973;5125
2974;5137
2975;5136
2976;5084
2977;5147
2978;5122
2979;5049
2980;5101
2981;5123
2982;5016
2983;5124
2984;5078
2985;5079
2986;5084
2987;5100
2988;5112
2989;5064
2990;5142
2991;5126
2992;5073
2993;5121
2994;5138
2995;5038
2996;5127
2997;5084
2998;5086
2999;5046
3000;5113
3001;5075
3002;5053
3003;5104
3004;5121
3005;5036
3006;5143
3007;5138
3008;5118
3009;5118
3010;5151
3011;5085
3012;5092
3013;5089
3014;5124
3015;5006
3016;5110
3017;5073
3018;5126
3019;5086
3020;5139
3021;5057
3022;5124
3023;5129
3024;5140
3025;5075
3026;5139
3027;5111
3028;5043
3029;5094
3030;5125
3031;5023
3032;5104
3033;5111
3034;5048
3035;5098
3036;5106
3037;5128
3038;5060
3039;5149
3040;5130
3041;5066
3042;5115
3043;5128
3044;5053
3045;5114
3046;5098
3047;5088
3048;5038
3049;5119
3050;5076
3051;5051
3052;5101
3053;5159
3054;5049
3055;5154
3056;5131
3057;5099
3058;5100
3059;5168
3060;5093
3061;5075
3062;5093
3063;5113
3064;5015
3065;5106
3066;5093
3067;5050
3068;5098
3069;5143
3070;5078
3071;5131
3072;5126
3073;5138
3074;5064
3075;5143
3076;5098
3077;5043
3078;5087
3079;5120
3080;5013
3081;5111
3082;5118
3083;5049
3084;5094
3085;5117
3086;5161
3087;5060
3088;5159
3089;5132
3090;5071
3091;5102
3092;5128
3093;5044
3094;5103
3095;5092
3096;5078
3097;5232
3098;5230
3099;5084
3100;5081
3101;5123
3102;5175
3103;5050
3104;5177
3105;5114
3106;5101
3107;5095
3108;5134
3109;5071
3110;5102
3111;5091
3112;5101
3113;5011
3114;5117
3115;5094
3116;5047
3117;5114
3118;5139
3119;5084
3120;5133
3121;5121
3122;5129
3123;5050
3124;5139
3125;5128
3126;5015
3127;5110
3128;5093
3129;5036
3130;5084
3131;5130
3132;5054
3133;5103
3134;5112
3135;5148
3136;5066
3137;5171
3138;5106
3139;5072
3140;5095
3141;5130
3142;5029
3143;5106
3144;5083
3145;5074
3146;5047
3147;5108
3148;5099
3149;5059
3150;5129
3151;5149
3152;5061
3153;5169
3154;5120
3155;5090
3156;5087
3157;5133
3158;5068
3159;5084
3160;5088
3161;5134
3162;5011
3163;5119
3164;5106
3165;5062
3166;5123
3167;5157
3168;5085
3169;5118
3170;5128
3171;5120
3172;5054
3173;5115
3174;5121
3175;5010
3176;5113
3177;5087
3178;5048
3179;5095
3180;5124
3181;5079
3182;5098
3183;5134
3184;5140
3185;5068
3186;5145
3187;5104
3188;5054
3189;5093
3190;5122
3191;5033
3192;5118
3193;5076
3194;5094
3195;5047
3196;5132
3197;5108
3198;5082
3199;5136
3200;5142
3201;5054
3202;5136
3203;5123
3204;5083
3205;5079
3206;5127
3207;5069
3208;5065
3209;5083
3210;5111
3211;4994
3212;5145
3213;5097
3214;5088
3215;5122
3216;5162
3217;5082
3218;5123
3219;5115
3220;5121
3221;5070
3222;5093
3223;5120
3224;5000
3225;5107
3226;5075
3227;5058
3228;5084
3229;5131
3230;5082
3231;5121
3232;5132
3233;5155
3234;5046
3235;5125
3236;5116
3237;5043
3238;5089
3239;5114
3240;5019
3241;5089
3242;5072
3243;5107
3244;5033
3245;5146
3246;5106
3247;5071
3248;5126
3249;5156
3250;5048
3251;5129
3252;5107
3253;5081
3254;5070
3255;5107
3256;5075
3257;5051
3258;5089
3259;5127
3260;5018
3261;5141
3262;5113
3263;5115
3264;5118
3265;5159
3266;5073
3267;5117
3268;5096
3269;5121
3270;5017
3271;5122
3272;5102
3273;4995
3274;5100
3275;5072
3276;5062
3277;5077
3278;5143
3279;5092
3280;5103
3281;5133
3282;5149
3283;5040
3284;5132
3285;5104
3286;5047
3287;5091
3288;5117
3289;5043
3290;5076
3291;5091
3292;5108
3293;5052
3294;5141
3295;5125
3296;5076
3297;5129
3298;5159
3299;5042
3300;5143
3301;5095
3302;5085
3303;5052
3304;5119
3305;5066
3306;5063
3307;5075
3308;5114
3309;5016
3310;5137
3311;5119
3312;5096
3313;5110
3314;5163
3315;5091
3316;5081
3317;5099
3318;5115
3319;5006
3320;5114
3321;5105
3322;5009
3323;5111
3324;5099
3325;5085
3326;5094
3327;5142
3328;5111
3329;5094
3330;5126
3331;5143
3332;5021
3333;5135
3334;5083
3335;5052
3336;5085
3337;5118
3338;5036
3339;5091
3340;5091
3341;5128
3342;5047
3343;5137
3344;5122
3345;5075
3346;5123
3347;5131
3348;5056
3349;5119
3350;5100
3351;5094
3352;5053
3353;5120
3354;5084
3355;5043
3356;5077
3357;5132
3358;5024
3359;5143
3360;5123
3361;5096
3362;5113
3363;5146
3364;5090
3365;5089
3366;5098
3367;5114
3368;5008
3369;5104
3370;5095
3371;5031
3372;5120
3373;5107
3374;5088
3375;5091
3376;5161
3377;5120
3378;5104
3379;5118
3380;5124
3381;5028
3382;5113
3383;5100
3384;5050
3385;5075
3386;5114
3387;5048
3388;5088
3389;5093
3390;5145
3391;5045
3392;5162
3393;5124
3394;5078
3395;5115
3396;5126
3397;5050
3398;5094
3399;5091
3400;5082
3401;5049
3402;5111
3403;5080
3404;5044
3405;5096
3406;5144
3407;5037
3408;5158
3409;5123
3410;5113
3411;5081
3412;5147
3413;5083
3414;5077
3415;5088
3416;5140
3417;5002
3418;5116
3419;5086
3420;5040
3421;5125
3422;5092
3423;5109
3424;5086
3425;5149
3426;5114
3427;5089
3428;5109
3429;5132
3430;5018
3431;5115
3432;5087
3433;5038
3434;5070
3435;5108
3436;5056
3437;5077
3438;5107
3439;5142
3440;5047
3441;5177
3442;5117
3443;5075
3444;5102
3445;5143
3446;5043
3447;5103
3448;5091
3449;5093
3450;5028
3451;5113
3452;5091
3453;5034
3454;5128
3455;5149
3456;5067
3457;5149
3458;5127
3459;5108
3460;5079
3461;5132
3462;5086
3463;5058
3464;5080
3465;5120
3466;4984
3467;5141
3468;5083
3469;5068
3470;5117
3471;5138
3472;5118
3473;5101
3474;5160
3475;5111
3476;5072
3477;5105
3478;5133
3479;5012
3480;5122
3481;5091
3482;5072
3483;5064
3484;5114
3485;5078
3486;5089
3487;5131
3488;5139
3489;5067
3490;5152
3491;5127
3492;5061
3493;5100
3494;5136
3495;5044
3496;5100
3497;5081
3498;5100
3499;5014
3500;5126
3501;5090
3502;5054
3503;5116
3504;5158
3505;5064
3506;5140
3507;5129
3508;5107
3509;5066
3510;5123
3511;5092
3512;5056
3513;5086
3514;5123
3515;4998
3516;5125
3517;5090
3518;5107
3519;5135
3520;5137
3521;5125
3522;5099
3523;5148
3524;5110
3525;5062
3526;5100
3527;5116
3528;5007
3529;5114
3530;5069
3531;5066
3532;5062
3533;5135
3534;5093
3535;5099
3536;5121
3537;5160
3538;5052
3539;5151
3540;5123
3541;5058
3542;5105
3543;5111
3544;5058
3545;5074
3546;5099
3547;5109
3548;5025
3549;5134
3550;5101
3551;5067
3552;5126
3553;5169
3554;5067
3555;5149
3556;5115
3557;5099
3558;5069
3559;5121
3560;5083
3561;5043
3562;5079
3563;5101
3564;5023
3565;5116
3566;5135
3567;5060
3568;5157
3569;5139
3570;5134
3571;5077
3572;5138
3573;5104
3574;5049
3575;5093
3576;5124
3577;5018
3578;5109
3579;5087
3580;5066
3581;5070
3582;5137
3583;5100
3584;5106
3585;5128
3586;5161
3587;5043
3588;5162
3589;5101
3590;5064
3591;5093
3592;5116
3593;5049
3594;5070
3595;5080
3596;5101
3597;5029
3598;5129
3599;5138
3600;5082
3601;5121
3602;5149
3603;5060
3604;5138
3605;5107
3606;5102
3607;5050
3608;5128
3609;5078
3610;5052
3611;5080
3612;5114
3613;5014
3614;5126
3615;5139
3616;5074
3617;5129
3618;5115
3619;5142
3620;5063
3621;5138
3622;5105
3623;5041
3624;5084
3625;5124
3626;5019
3627;5103
3628;5094
3629;5069
3630;5074
3631;5136
3632;5115
3633;5100
3634;5131
3635;5156
3636;5027
3637;5148
3638;5100
3639;5071
3640;5076
3641;5115
3642;5045
3643;5087
3644;5078
3645;5119
3646;5035
3647;5140
3648;5130
3649;5075
3650;5126
3651;5152
3652;5068
3653;5115
3654;5112
3655;5097
3656;5066
3657;5108
3658;5091
3659;5041
3660;5084
3661;5132
3662;5021
3663;5146
3664;5152
3665;5086
3666;5115
3667;5139
3668;5113
3669;5061
3670;5156
3671;5105
3672;5041
3673;5078
3674;5116
3675;5007
3676;5139
3677;5091
3678;5095
3679;5078
3680;5148
3681;5118
3682;5094
3683;5127
3684;5137
3685;5026
3686;5128
3687;5101
3688;5053
3689;5082
3690;5107
3691;5058
3692;5074
3693;5086
3694;5128
3695;5034
3696;5145
3697;5119
3698;5080
3699;5128
3700;5166
3701;5053
3702;5157
3703;5098
3704;5104
3705;5046
3706;5112
3707;5091
3708;5031
3709;5090
3710;5130
3711;5067
3712;5129
3713;5155
3714;5095
3715;5133
3716;5126
3717;5120
3718;5051
3719;5116
3720;5099
3721;5042
3722;5096
3723;5105
3724;5021
3725;5115
3726;5097
3727;5105
3728;5090
3729;5159
3730;5117
3731;5098
3732;5108
3733;5169
3734;5021
3735;5131
3736;5092
3737;5053
3738;5083
3739;5110
3740;5062
3741;5070
3742;5110
3743;5144
3744;5054
3745;5153
3746;5136
3747;5080
3748;5119
3749;5145
3750;5046
3751;5118
3752;5087
3753;5106
3754;5034
3755;5114
3756;5091
3757;5034
3758;5116
3759;5106
3760;5074
3761;5126
3762;5156
3763;5078
3764;5122
3765;5108
3766;5122
3767;5031
3768;5127
3769;5089
3770;5030
3771;5085
3772;5127
3773;5036
3774;5114
3775;5119
3776;5107
3777;5098
3778;5165
3779;5137
3780;5082
3781;5108
3782;5144
3783;5015
3784;5126
3785;5082
3786;5064
3787;5070
3788;5119
3789;5066
3790;5078
3791;5119
3792;5137
3793;5053
3794;5171
3795;5138
3796;5075
3797;5114
3798;5122
3799;5054
3800;5100
3801;5088
3802;5096
3803;5031
3804;5110
3805;5115
3806;5019
3807;5131
3808;5123
3809;5075
3810;5128
3811;5140
3812;5079
3813;5101
3814;5102
3815;5110
3816;5038
3817;5117
3818;5080
3819;5033
3820;5082
3821;5134
3822;5036
3823;5148
3824;5124
3825;5125
3826;5094
3827;5149
3828;5131
3829;5069
3830;5113
3831;5127
3832;5026
3833;5129
3834;5092
3835;5070
3836;5063
3837;5118
3838;5077
3839;5098
3840;5104
3841;5160
3842;5056
3843;5197
3844;5134
3845;5069
3846;5104
3847;5129
3848;5047
3849;5078
3850;5091
3851;5092
3852;5027
3853;5108
3854;5121
3855;5026
3856;5145
3857;5125
3858;5085
3859;5123
3860;5151
3861;5076
3862;5095
3863;5107
3864;5119
3865;5032
3866;5111
3867;5084
3868;5041
3869;5082
3870;5140
3871;5048
3872;5145
3873;5123
3874;5170
3875;5084
3876;5159
3877;5098
3878;5068
3879;5095
3880;5122
3881;5012
3882;5103
3883;5082
3884;5051
3885;5064
3886;5124
3887;5093
3888;5091
3889;5129
3890;5152
3891;5060
3892;5149
3893;5110
3894;5067
3895;5092
3896;5127
3897;5043
3898;5090
3899;5077
3900;5121
3901;5018
3902;5130
3903;5128
3904;5033
3905;5159
3906;5134
3907;5099
3908;5109
3909;5142
3910;5070
3911;5104
3912;5093
3913;5125
3914;5022
3915;5105
3916;5088
3917;5032
3918;5098
3919;5128
3920;5065
3921;5128
3922;5133
3923;5123
3924;5081
3925;5162
3926;5112
3927;5062
3928;5094
3929;5127
3930;5016
3931;5117
3932;5073
3933;5072
3934;5059
3935;5141
3936;5099
3937;5107
3938;5146
3939;5161
3940;5041
3941;5143
3942;5113
3943;5060
3944;5097
3945;5119
3946;5049
3947;5075
3948;5078
3949;5114
3950;5048
3951;5109
3952;5141
3953;5037
3954;5149
3955;5135
3956;5088
3957;5115
3958;5135
3959;5069
3960;5086
3961;5095
3962;5117
3963;5014
3964;5121
3965;5080
3966;5057
3967;5096
3968;5146
3969;5074
3970;5137
3971;5124
3972;5130
3973;5073
3974;5139
3975;5106
3976;5061
3977;5093
3978;5112
3979;5018
3980;5109
3981;5086
3982;5085
3983;5062
3984;5142
3985;5107
3986;5101
3987;5131
3988;5165
3989;5038
3990;5153
3991;5102
3992;5063
3993;5087
3994;5111
3995;5060
3996;5070
3997;5118
3998;5083
3999;5063
4000;5111
4001;5149
4002;5049
4003;5162
4004;5125
4005;5088
4006;5102
4007;5123
4008;5073
4009;5068
4010;5089
4011;5100
4012;5012
4013;5110
4014;5097
4015;5048
4016;5115
4017;5155
4018;5074
4019;5137
4020;5122
4021;5135
4022;5053
4023;5125
4024;5094
4025;5039
4026;5096
4027;5129
4028;5021
4029;5117
4030;5109
4031;5094
4032;5088
4033;5155
4034;5118
4035;5108
4036;5123
4037;5148
4038;5035
4039;5135
4040;5089
4041;5062
4042;5078
4043;5115
4044;5047
4045;5077
4046;5105
4047;5104
4048;5058
4049;5116
4050;5147
4051;5064
4052;5150
4053;5121
4054;5086
4055;5078
4056;5137
4057;5066
4058;5082
4059;5087
4060;5120
4061;4999
4062;5115
4063;5103
4064;5058
4065;5131
4066;5157
4067;5095
4068;5134
4069;5120
4070;5131
4071;5049
4072;5134
4073;5088
4074;5043
4075;5079
4076;5114
4077;5035
4078;5171
4079;5096
4080;5098
4081;5089
4082;5191
4083;5131
4084;5116
4085;5136
4086;5130
4087;5031
4088;5162
4089;5111
4090;5058
4091;5088
4092;5095
4093;5084
4094;5075
4095;5126
4096;5117
4097;5068
4098;5151
4099;5162
4100;5047
4101;5150
4102;5101
4103;5084
4104;5085
4105;5135
4106;5066
4107;5074
4108;5085
4109;5112
4110;5017
4111;5117
4112;5115
4113;5068
4114;5134
4115;5139
4116;5088
4117;5129
4118;5109
4119;5117
4120;5048
4121;5127
4122;5117
4123;5038
4124;5075
4125;5130
4126;5014
4127;5133
4128;5102
4129;5140
4130;5090
4131;5167
4132;5115
4133;5083
4134;5112
4135;5133
4136;5021
4137;5111
4138;5122
4139;5032
4140;5101
4141;5089
4142;5077
4143;5061
4144;5143
4145;5123
4146;5081
4147;5133
4148;5140
4149;5049
4150;5135
4151;5109
4152;5067
4153;5076
4154;5122
4155;5073
4156;5085
4157;5088
4158;5130
4159;5019
4160;5165
4161;5114
4162;5089
4163;5127
4164;5157
4165;5070
4166;5111
4167;5110
4168;5107
4169;5044
4170;5109
4171;5098
4172;5030
4173;5096
4174;5121
4175;5036
4176;5131
4177;5127
4178;5116
4179;5097
4180;5178
4181;5117
4182;5096
4183;5105
4184;5130
4185;5034
4186;5096
4187;5115
4188;5024
4189;5108
4190;5083
4191;5100
4192;5063
4193;5150
4194;5111
4195;5091
4196;5123
4197;5152
4198;5037
4199;5134
4200;5100
4201;5062
4202;5068
4203;5126
4204;5119
4205;5054
4206;5102
4207;5117
4208;5021
4209;5147
4210;5128
4211;5098
4212;5123
4213;5146
4214;5063
4215;5106
4216;5096
4217;5108
4218;5035
4219;5116
4220;5081
4221;5024
4222;5102
4223;5121
4224;5050
4225;5137
4226;5127
4227;5113
4228;5095
4229;5148
4230;5130
4231;5095
4232;5129
4233;5104
4234;5032
4235;5087
4236;5116
4237;5035
4238;5092
4239;5109
4240;5095
4241;5074
4242;5152
4243;5148
4244;5125
4245;5129
4246;5147
4247;5024
4248;5133
4249;5089
4250;5087
4251;5059
4252;5129
4253;5061
4254;5070
4255;5101
4256;5144
4257;5041
4258;5151
4259;5128
4260;5081
4261;5125
4262;5144
4263;5067
4264;5102
4265;5089
4266;5106
4267;5026
4268;5114
4269;5073
4270;5039
4271;5096
4272;5144
4273;5051
4274;5144
4275;5136
4276;5132
4277;5090
4278;5143
4279;5126
4280;5035
4281;5144
4282;5087
4283;5043
4284;5086
4285;5117
4286;5036
4287;5110
4288;5121
4289;5136
4290;5089
4291;5158
4292;5129
4293;5079
4294;5114
4295;5132
4296;5034
4297;5123
4298;5085
4299;5072
4300;5057
4301;5123
4302;5064
4303;5070
4304;5102
4305;5155
4306;5033
4307;5157
4308;5121
4309;5085
4310;5117
4311;5135
4312;5067
4313;5099
4314;5094
4315;5106
4316;5027
4317;5108
4318;5102
4319;5032
4320;5104
4321;5144
4322;5060
4323;5147
4324;5132
4325;5126
4326;5088
4327;5144
4328;5127
4329;5037
4330;5108
4331;5093
4332;5045
4333;5087
4334;5115
4335;5032
4336;5120
4337;5105
4338;5134
4339;5088
4340;5170
4341;5135
4342;5085
4343;5102
4344;5127
4345;5031
4346;5113
4347;5094
4348;5056
4349;5074
4350;5111
4351;5091
4352;5069
4353;5121
4354;5161
4355;5051
4356;5170
4357;5129
4358;5086
4359;5104
4360;5135
4361;5048
4362;5091
4363;5077
4364;5109
4365;5026
4366;5111
4367;5099
4368;5038
4369;5115
4370;5146
4371;5078
4372;5142
4373;5124
4374;5124
4375;5097
4376;5113
4377;5113
4378;5030
4379;5113
4380;5089
4381;5026
4382;5091
4383;5132
4384;5057
4385;5116
4386;5128
4387;5131
4388;5083
4389;5156
4390;5124
4391;5057
4392;5106
4393;5142
4394;5014
4395;5130
4396;5086
4397;5064
4398;5054
4399;5120
4400;5086
4401;5086
4402;5130
4403;5152
4404;5055
4405;5150
4406;5132
4407;5073
4408;5109
4409;5126
4410;5060
4411;5088
4412;5080
4413;5106
4414;5011
4415;5127
4416;5102
4417;5066
4418;5126
4419;5154
4420;5073
4421;5130
4422;5146
4423;5079
4424;5090
4425;5093
4426;5121
4427;5009
4428;5121
4429;5085
4430;5034
4431;5088
4432;5132
4433;5066
4434;5138
4435;5134
4436;5125
4437;5097
4438;5146
4439;5121
4440;5048
4441;5115
4442;5112
4443;5021
4444;5116
4445;5081
4446;5084
4447;5058
4448;5143
4449;5095
4450;5087
4451;5125
4452;5169
4453;5049
4454;5137
4455;5110
4456;5061
4457;5097
4458;5126
4459;5059
4460;5078
4461;5087
4462;5101
4463;5023
4464;5129
4465;5112
4466;5069
4467;5123
4468;5161
4469;5067
4470;5130
4471;5135
4472;5095
4473;5078
4474;5103
4475;5112
4476;5023
4477;5110
4478;5084
4479;5035
4480;5096
4481;5141
4482;5061
4483;5132
4484;5120
4485;5170
4486;5068
4487;5149
4488;5109
4489;5038
4490;5107
4491;5117
4492;5019
4493;5105
4494;5098
4495;5079
4496;5060
4497;5143
4498;5110
4499;5102
4500;5133
4501;5162
4502;5036
4503;5155
4504;5101
4505;5071
4506;5083
4507;5137
4508;5055
4509;5075
4510;5095
4511;5113
4512;5030
4513;5139
4514;5131
4515;5070
4516;5135
4517;5146
4518;5098
4519;5094
4520;5128
4521;5075
4522;5070
4523;5091
4524;5110
4525;5003
4526;5097
4527;5107
4528;5040
4529;5120
4530;5149
4531;5083
4532;5128
4533;5121
4534;5140
4535;5048
4536;5168
4537;5098
4538;5058
4539;5101
4540;5130
4541;5022
4542;5109
4543;5092
4544;5088
4545;5081
4546;5159
4547;5125
4548;5097
4549;5135
4550;5146
4551;5035
4552;5135
4553;5097
4554;5066
4555;5078
4556;5115
4557;5059
4558;5068
4559;5077
4560;5124
4561;5022
4562;5140
4563;5119
4564;5089
4565;5128
4566;5146
4567;5088
4568;5083
4569;5136
4570;5074
4571;5074
4572;5088
4573;5118
4574;4998
4575;5117
4576;5098
4577;5066
4578;5127
4579;5157
4580;5089
4581;5237
4582;5288
4583;5139
4584;5055
4585;5142
4586;5092
4587;5047
4588;5097
4589;5112
4590;5021
4591;5113
4592;5105
4593;5086
4594;5097
4595;5149
4596;5124
4597;5103
4598;5131
4599;5145
4600;5023
4601;5133
4602;5095
4603;5057
4604;5077
4605;5114
4606;5050
4607;5092
4608;5087
4609;5129
4610;5052
4611;5152
4612;5161
4613;5047
4614;5162
4615;5119
4616;5079
4617;5086
4618;5118
4619;5069
4620;5067
4621;5080
4622;5114
4623;5007
4624;5113
4625;5115
4626;5057
4627;5126
4628;5153
4629;5090
4630;5119
4631;5124
4632;5122
4633;5045
4634;5132
4635;5088
4636;5048
4637;5086
4638;5140
4639;5016
4640;5139
4641;5102
4642;5107
4643;5098
4644;5160
4645;5124
4646;5092
4647;5117
4648;5137
4649;5028
4650;5127
4651;5089
4652;5055
4653;5075
4654;5116
4655;5046
4656;5083
4657;5089
4658;5148
4659;5075
4660;5132
4661;5146
4662;5055
4663;5137
4664;5106
4665;5069
4666;5076
4667;5122
4668;5061
4669;5066
4670;5080
4671;5125
4672;5004
4673;5146
4674;5123
4675;5095
4676;5137
4677;5165
4678;5083
4679;5127
4680;5127
4681;5103
4682;5051
4683;5105
4684;5093
4685;5029
4686;5096
4687;5128
4688;5020
4689;5158
4690;5120
4691;5118
4692;5099
4693;5164
4694;5112
4695;5084
4696;5106
4697;5126
4698;5014
4699;5122
4700;5094
4701;5060
4702;5084
4703;5109
4704;5070
4705;5082
4706;5145
4707;5123
4708;5093
4709;5128
4710;5149
4711;5041
4712;5134
4713;5108
4714;5068
4715;5084
4716;5105
4717;5070
4718;5059
4719;5090
4720;5117
4721;5025
4722;5148
4723;5122
4724;5088
4725;5123
4726;5163
4727;5070
4728;5117
4729;5103
4730;5111
4731;5036
4732;5115
4733;5084
4734;5021
4735;5095
4736;5112
4737;5049
4738;5137
4739;5194
4740;5150
4741;5095
4742;5152
4743;5112
4744;5073
4745;5108
4746;5133
4747;5007
4748;5115
4749;5078
4750;5063
4751;5062
4752;5130
4753;5105
4754;5074
4755;5154
4756;5138
4757;5093
4758;5133
4759;5150
4760;5028
4761;5136
4762;5097
4763;5084
4764;5070
4765;5124
4766;5068
4767;5058
4768;5096
4769;5120
4770;5035
4771;5145
4772;5147
4773;5079
4774;5117
4775;5141
4776;5064
4777;5107
4778;5090
4779;5118
4780;5022
4781;5119
4782;5074
4783;5032
4784;5090
4785;5131
4786;5045
4787;5138
4788;5135
4789;5126
4790;5094
4791;5170
4792;5107
4793;5057
4794;5101
4795;5117
4796;5017
4797;5112
4798;5091
4799;5055
4800;5073
4801;5131
4802;5109
4803;5080
4804;5150
4805;5130
4806;5078
4807;5116
4808;5138
4809;5033
4810;5127
4811;5083
4812;5070
4813;5054
4814;5113
4815;5069
4816;5074
4817;5090
4818;5148
4819;5039
4820;5152
4821;5139
4822;5089
4823;5127
4824;5139
4825;5069
4826;5088
4827;5100
4828;5107
4829;5035
4830;5118
4831;5096
4832;5039
4833;5102
4834;5147
4835;5056
4836;5144
4837;5126
4838;5125
4839;5077
4840;5151
4841;5105
4842;5077
4843;5096
4844;5113
4845;5007
4846;5107
4847;5098
4848;5062
4849;5111
4850;5111
4851;5118
4852;5087
4853;5156
4854;5119
4855;5066
4856;5115
4857;5126
4858;5039
4859;5107
4860;5099
4861;5065
4862;5058
4863;5116
4864;5085
4865;5074
4866;5109
4867;5173
4868;5049
4869;5168
4870;5117
4871;5088
4872;5095
4873;5154
4874;5055
4875;5095
4876;5087
4877;5105
4878;5029
4879;5106
4880;5089
4881;5033
4882;5119
4883;5146
4884;5071
4885;5144
4886;5116
4887;5117
4888;5064
4889;5135
4890;5088
4891;5059
4892;5083
4893;5141
4894;5003
4895;5116
4896;5092
4897;5073
4898;5106
4899;5122
4900;5129
4901;5079
4902;5156
4903;5113
4904;5059
4905;5096
4906;5129
4907;5017
4908;5123
4909;5088
4910;5071
4911;5055
4912;5100
4913;5086
4914;5065
4915;5135
4916;5144
4917;5050
4918;5148
4919;5118
4920;5075
4921;5092
4922;5135
4923;5051
4924;5089
4925;5078
4926;5110
4927;5009
4928;5114
4929;5092
4930;5057
4931;5114
4932;5146
4933;5089
4934;5129
4935;5123
4936;5113
4937;5060
4938;5121
4939;5098
4940;5038
4941;5088
4942;5114
4943;5012
4944;5126
4945;5087
4946;5098
4947;5110
4948;5128
4949;5138
4950;5072
4951;5139
4952;5110
4953;5052
4954;5095
4955;5127
4956;5021
4957;5111
4958;5083
4959;5082
4960;5042
4961;5132
4962;5101
4963;5067
4964;5127
4965;5139
4966;5048
4967;5140
4968;5126
4969;5072
4970;5088
4971;5122
4972;5063
4973;5079
4974;5078
4975;5111
4976;4996
4977;5119
4978;5093
4979;5069
4980;5111
4981;5157
4982;5080
4983;5122
4984;5119
4985;5117
4986;5045
4987;5126
4988;5091
4989;5021
4990;5091
4991;5108
4992;5023
4993;5118
4994;5112
4995;5129
4996;5114
4997;5130
4998;5147
4999;5063
5000;5135
5001;5110
5002;5043
5003;5088
5004;5104
5005;5023
5006;5093
5007;5078
5008;5086
5009;5042
5010;5134
5011;5109
5012;5089
5013;5115
5014;5163
5015;5044
5016;5143
5017;5108
5018;5075
5019;5079
5020;5106
5021;5072
5022;5051
5023;5089
5024;5100
5025;5007
5026;5132
5027;5125
5028;5082
5029;5114
5030;5156
5031;5078
5032;5112
5033;5101
5034;5132
5035;5027
5036;5121
5037;5082
5038;5024
5039;5082
5040;5117
5041;5040
5042;5104
5043;5109
5044;5118
5045;5086
5046;5135
5047;5146
5048;5044
5049;5135
5050;5107
5051;5049
5052;5092
5053;5111
5054;5031
5055;5079
5056;5089
5057;5094
5058;5052
5059;5139
5060;5120
5061;5072
5062;5122
5063;5164
5064;5041
5065;5142
5066;5094
5067;5091
5068;5050
5069;5119
5070;5068
5071;5050
5072;5086
5073;5116
5074;5023
5075;5138
5076;5128
5077;5084
5078;5130
5079;5158
5080;5090
5081;5109
5082;5095
5083;5120
5084;5024
5085;5114
5086;5073
5087;5035
5088;5086
5089;5119
5090;5040
5091;5113
5092;5125
5093;5123
5094;5103
5095;5118
5096;5155
5097;5025
5098;5126
5099;5083
5100;5048
5101;5087
5102;5110
5103;5038
5104;5082
5105;5090
5106;5109
5107;5042
5108;5133
5109;5146
5110;5071
5111;5135
5112;5135
5113;5051
5114;5127
5115;5096
5116;5090
5117;5055
5118;5130
5119;5073
5120;5051
5121;5083
5122;5124
5123;5030
5124;5145
5125;5131
5126;5098
5127;5113
5128;5141
5129;5086
5130;5085
5131;5094
5132;5112
5133;5020
5134;5124
5135;5080
5136;5035
5137;5085
5138;5123
5139;5057
5140;5115
5141;5125
5142;5155
5143;5063
5144;5159
5145;5137
5146;5020
5147;5138
5148;5097
5149;5060
5150;5081
5151;5114
5152;5044
5153;5089
5154;5100
5155;5140
5156;5050
5157;5175
5158;5137
5159;5081
5160;5125
5161;5131
5162;5050
5163;5119
5164;5103
5165;5079
5166;5062
5167;5107
5168;5074
5169;5053
5170;5089
5171;5139
5172;5030
5173;5153
5174;5131
5175;5108
5176;5095
5177;5144
5178;5078
5179;5086
5180;5092
5181;5118
5182;5011
5183;5112
5184;5094
5185;5037
5186;5110
5187;5129
5188;5088
5189;5119
5190;5135
5191;5144
5192;5102
5193;5119
5194;5127
5195;5019
5196;5122
5197;5107
5198;5061
5199;5088
5200;5104
5201;5046
5202;5092
5203;5101
5204;5145
5205;5056
5206;5158
5207;5128
5208;5084
5209;5108
5210;5141
5211;5039
5212;5120
5213;5089
5214;5082
5215;5048
5216;5103
5217;5085
5218;5048
5219;5120
5220;5137
5221;5058
5222;5157
5223;5130
5224;5106
5225;5092
5226;5134
5227;5080
5228;5076
5229;5090
5230;5120
5231;4994
5232;5129
5233;5081
5234;5055
5235;5110
5236;5150
5237;5088
5238;5121
5239;5157
5240;5105
5241;5087
5242;5105
5243;5126
5244;5017
5245;5118
5246;5094
5247;5051
5248;5084
5249;5134
5250;5070
5251;5089
5252;5122
5253;5138
5254;5067
5255;5145
5256;5128
5257;5073
5258;5106
5259;5127
5260;5042
5261;5111
5262;5083
5263;5100
5264;5032
5265;5122
5266;5086
5267;5051
5268;5121
5269;5163
5270;5063
5271;5158
5272;5129
5273;5088
5274;5088
5275;5133
5276;5085
5277;5067
5278;5087
5279;5119
5280;4992
5281;5125
5282;5086
5283;5068
5284;5108
5285;5172
5286;5087
5287;5128
5288;5142
5289;5105
5290;5067
5291;5090
5292;5125
5293;5009
5294;5112
5295;5083
5296;5052
5297;5069
5298;5128
5299;5074
5300;5124
5301;5122
5302;5164
5303;5052
5304;5146
5305;5120
5306;5056
5307;5108
5308;5122
5309;5043
5310;5111
5311;5094
5312;5096
5313;5046
5314;5138
5315;5100
5316;5062
5317;5114
5318;5161
5319;5054
5320;5162
5321;5108
5322;5096
5323;5073
5324;5126
5325;5077
5326;5061
5327;5085
5328;5101
5329;5003
5330;5112
5331;5106
5332;5074
5333;5120
5334;5154
5335;5118
5336;5100
5337;5146
5338;5113
5339;5066
5340;5103
5341;5112
5342;5015
5343;5108
5344;5088
5345;5054
5346;5089
5347;5126
5348;5093
5349;5105
5350;5128
5351;5182
5352;5054
5353;5164
5354;5107
5355;5046
5356;5101
5357;5106
5358;5042
5359;5083
5360;5089
5361;5091
5362;5055
5363;5136
5364;5113
5365;5069
5366;5129
5367;5152
5368;5052
5369;5145
5370;5112
5371;5095
5372;5055
5373;5124
5374;5079
5375;5067
5376;5086
5377;5121
5378;5007
5379;5132
5380;5118
5381;5099
5382;5120
5383;5147
5384;5121
5385;5078
5386;5135
5387;5099
5388;5065
5389;5090
5390;5120
5391;5007
5392;5114
5393;5093
5394;5055
5395;5090
5396;5133
5397;5102
5398;5117
5399;5129
5400;5148
5401;5050
5402;5174
5403;5098
5404;5077
5405;5088
5406;5126
5407;5032
5408;5097
5409;5084
5410;5110
5411;5042
5412;5140
5413;5116
5414;5069
5415;5125
5416;5146
5417;5059
5418;5141
5419;5114
5420;5086
5421;5071
5422;5121
5423;5081
5424;5053
5425;5088
5426;5113
5427;5005
5428;5141
5429;5112
5430;5104
5431;5143
5432;5126
5433;5111
5434;5074
5435;5132
5436;5099
5437;5052
5438;5079
5439;5123
5440;5000
5441;5112
5442;5091
5443;5093
5444;5093
5445;5148
5446;5112
5447;5111
5448;5134
5449;5140
5450;5037
5451;5126
5452;5109
5453;5062
5454;5102
5455;5114
5456;5040
5457;5094
5458;5086
5459;5123
5460;5051
5461;5151
5462;5118
5463;5082
5464;5128
5465;5158
5466;5055
5467;5128
5468;5103
5469;5087
5470;5060
5471;5115
5472;5089
5473;5041
5474;5091
5475;5128
5476;5026
5477;5144
5478;5127
5479;5082
5480;5134
5481;5123
5482;5112
5483;5064
5484;5116
5485;5091
5486;5032
5487;5102
5488;5106
5489;5004
5490;5120
5491;5099
5492;5099
5493;5097
5494;5162
5495;5102
5496;5117
5497;5115
5498;5151
5499;5027
5500;5136
5501;5090
5502;5047
5503;5094
5504;5138
5505;5050
5506;5082
5507;5106
5508;5115
5509;5063
5510;5170
5511;5124
5512;5085
5513;5112
5514;5142
5515;5041
5516;5125
5517;5084
5518;5094
5519;5043
5520;5111
5521;5085
5522;5041
5523;5092
5524;5129
5525;5038
5526;5148
5527;5161
5528;5066
5529;5134
5530;5111
5531;5117
5532;5053
5533;5128
5534;5090
5535;5033
5536;5095
5537;5111
5538;5013
5539;5121
5540;5108
5541;5095
5542;5108
5543;5161
5544;5120
5545;5088
5546;5115
5547;5134
5548;5018
5549;5132
5550;5084
5551;5057
5552;5074
5553;5110
5554;5052
5555;5103
5556;5108
5557;5128
5558;5068
5559;5153
5560;5149
5561;5077
5562;5154
5563;5161
5564;5039
5565;5120
5566;5110
5567;5100
5568;5070
5569;5134
5570;5085
5571;5045
5572;5148
5573;5151
5574;5075
5575;5134
5576;5160
5577;5068
5578;5144
5579;5114
5580;5098
5581;5057
5582;5115
5583;5095
5584;5027
5585;5085
5586;5105
5587;5012
5588;5129
5589;5105
5590;5118
5591;5090
5592;5168
5593;5107
5594;5094
5595;5106
5596;5133
5597;5015
5598;5116
5599;5096
5600;5038
5601;5081
5602;5111
5603;5060
5604;5104
5605;5121
5606;5174
5607;5075
5608;5163
5609;5120
5610;5071
5611;5101
5612;5128
5613;5036
5614;5116
5615;5078
5616;5090
5617;5038
5618;5117
5619;5082
5620;5057
5621;5133
5622;5113
5623;5076
5624;5120
5625;5150
5626;5063
5627;5115
5628;5106
5629;5103
5630;5047
5631;5107
5632;5083
5633;5020
5634;5093
5635;5112
5636;5040
5637;5136
5638;5124
5639;5115
5640;5098
5641;5147
5642;5103
5643;5098
5644;5095
5645;5133
5646;5006
5647;5126
5648;5093
5649;5052
5650;5087
5651;5125
5652;5070
5653;5109
5654;5119
5655;5138
5656;5069
5657;5181
5658;5134
5659;5060
5660;5113
5661;5132
5662;5040
5663;5108
5664;5087
5665;5090
5666;5038
5667;5128
5668;5098
5669;5071
5670;5140
5671;5127
5672;5083
5673;5131
5674;5148
5675;5065
5676;5103
5677;5096
5678;5102
5679;5028
5680;5119
5681;5084
5682;5049
5683;5090
5684;5137
5685;5043
5686;5146
5687;5129
5688;5115
5689;5100
5690;5142
5691;5106
5692;5063
5693;5109
5694;5113
5695;5011
5696;5119
5697;5083
5698;5061
5699;5089
5700;5138
5701;5075
5702;5122
5703;5122
5704;5160
5705;5051
5706;5151
5707;5113
5708;5170
5709;5131
5710;5122
5711;5045
5712;5103
5713;5083
5714;5083
5715;5046
5716;5134
5717;5134
5718;5055
5719;5154
5720;5137
5721;5078
5722;5123
5723;5124
5724;5057
5725;5093
5726;5090
5727;5094
5728;5036
5729;5104
5730;5079
5731;5042
5732;5097
5733;5156
5734;5049
5735;5160
5736;5127
5737;5121
5738;5085
5739;5135
5740;5096
5741;5059
5742;5097
5743;5117
5744;5006
5745;5111
5746;5083
5747;5059
5748;5088
5749;5142
5750;5085
5751;5120
5752;5124
5753;5153
5754;5049
5755;5149
5756;5101
5757;5050
5758;5092
5759;5135
5760;5041
5761;5099
5762;5085
5763;5093
5764;5077
5765;5105
5766;5157
5767;5044
5768;5156
5769;5116
5770;5082
5771;5116
5772;5140
5773;5054
5774;5096
5775;5087
5776;5091
5777;5027
5778;5104
5779;5098
5780;5032
5781;5112
5782;5157
5783;5069
5784;5159
5785;5127
5786;5120
5787;5077
5788;5143
5789;5091
5790;5063
5791;5090
5792;5109
5793;5004
5794;5119
5795;5096
5796;5072
5797;5111
5798;5160
5799;5102
5800;5119
5801;5138
5802;5136
5803;5037
5804;5132
5805;5097
5806;5045
5807;5088
5808;5113
5809;5027
5810;5112
5811;5118
5812;5094
5813;5080
5814;5126
5815;5157
5816;5053
5817;5149
5818;5128
5819;5066
5820;5103
5821;5132
5822;5050
5823;5107
5824;5092
5825;5097
5826;5035
5827;5113
5828;5116
5829;5040
5830;5130
5831;5145
5832;5075
5833;5148
5834;5123
5835;5105
5836;5073
5837;5140
5838;5084
5839;5062
5840;5083
5841;5115
5842;4991
5843;5125
5844;5100
5845;5090
5846;5099
5847;5151
5848;5097
5849;5114
5850;5115
5851;5143
5852;5032
5853;5118
5854;5103
5855;5030
5856;5090
5857;5113
5858;5041
5859;5079
5860;5143
5861;5108
5862;5097
5863;5140
5864;5152
5865;5054
5866;5142
5867;5111
5868;5059
5869;5097
5870;5122
5871;5045
5872;5088
5873;5082
5874;5101
5875;5019
5876;5139
5877;5094
5878;5068
5879;5125
5880;5157
5881;5065
5882;5135
5883;5109
5884;5100
5885;5069
5886;5114
5887;5092
5888;5039
5889;5091
5890;5126
5891;5010
5892;5124
5893;5109
5894;5099
5895;5112
5896;5161
5897;5103
5898;5107
5899;5111
5900;5139
5901;5013
5902;5122
5903;5096
5904;5033
5905;5097
5906;5106
5907;5058
5908;5084
5909;5134
5910;5099
5911;5114
5912;5136
5913;5150
5914;5040
5915;5146
5916;5110
5917;5064
5918;5099
5919;5117
5920;5056
5921;5068
5922;5093
5923;5106
5924;5033
5925;5128
5926;5111
5927;5073
5928;5128
5929;5169
5930;5059
5931;5138
5932;5104
5933;5108
5934;5052
5935;5120
5936;5087
5937;5036
5938;5083
5939;5111
5940;5012
5941;5129
5942;5127
5943;5107
5944;5118
5945;5158
5946;5103
5947;5091
5948;5099
5949;5130
5950;5009
5951;5127
5952;5076
5953;5058
5954;5080
5955;5119
5956;5079
5957;5077
5958;5144
5959;5121
5960;5095
5961;5124
5962;5166
5963;5026
5964;5134
5965;5094
5966;5063
5967;5078
5968;5125
5969;5050
5970;5075
5971;5091
5972;5116
5973;5034
5974;5152
5975;5134
5976;5076
5977;5134
5978;5146
5979;5070
5980;5130
5981;5103
5982;5109
5983;5044
5984;5119
5985;5083
5986;5044
5987;5086
5988;5132
5989;5028
5990;5139
5991;5124
5992;5107
5993;5113
5994;5153
5995;5104
5996;5077
5997;5111
5998;5117
5999;5012
6000;5113
6001;5084
6002;5040
6003;5076
6004;5118
6005;5088
6006;5083
6007;5145
6008;5131
6009;5079
6010;5140
6011;5135
6012;5044
6013;5149
6014;5105
6015;5061
6016;5078
6017;5111
6018;5051
6019;5076
6020;5095
6021;5213
6022;5049
6023;5157
6024;5134
6025;5074
6026;5128
6027;5145
6028;5061
6029;5108
6030;5104
6031;5090
6032;5049
6033;5123
6034;5095
6035;5033
6036;5093
6037;5129
6038;5030
6039;5154
6040;5117
6041;5117
6042;5088
6043;5149
6044;5097
6045;5084
6046;5090
6047;5126
6048;5008
6049;5107
6050;5346
6051;5076
6052;5121
6053;5104
6054;5099
6055;5097
6056;5154
6057;5119
6058;5101
6059;5124
6060;5137
6061;5019
6062;5136
6063;5091
6064;5072
6065;5079
6066;5120
6067;5043
6068;5097
6069;5098
6070;5142
6071;5051
6072;5169
6073;5122
6074;5081
6075;5116
6076;5144
6077;5047
6078;5111
6079;5094
6080;5080
6081;5046
6082;5105
6083;5088
6084;5047
6085;5106
6086;5131
6087;5054
6088;5151
6089;5129
6090;5107
6091;5085
6092;5137
6093;5085
6094;5075
6095;5120
6096;5091
6097;5019
6098;5086
6099;5117
6100;5021
6101;5129
6102;5101
6103;5113
6104;5087
6105;5155
6106;5116
6107;5099
6108;5118
6109;5134
6110;5020
6111;5114
6112;5106
6113;5048
6114;5094
6115;5126
6116;5068
6117;5087
6118;5114
6119;5140
6120;5054
6121;5165
6122;5113
6123;5075
6124;5108
6125;5133
6126;5036
6127;5105
6128;5083
6129;5101
6130;5029
6131;5116
6132;5091
6133;5039
6134;5109
6135;5144
6136;5049
6137;5161
6138;5140
6139;5098
6140;5087
6141;5145
6142;5084
6143;5064
6144;5113
6145;5098
6146;5029
6147;5089
6148;5114
6149;5041
6150;5132
6151;5127
6152;5114
6153;5102
6154;5154
6155;5114
6156;5080
6157;5093
6158;5131
6159;5008
6160;5129
6161;5080
6162;5075
6163;5070
6164;5125
6165;5066
6166;5130
6167;5117
6168;5152
6169;5067
6170;5143
6171;5125
6172;5055
6173;5109
6174;5123
6175;5049
6176;5100
6177;5084
6178;5099
6179;5032
6180;5131
6181;5099
6182;5053
6183;5126
6184;5156
6185;5067
6186;5156
6187;5119
6188;5097
6189;5076
6190;5122
6191;5111
6192;5032
6193;5113
6194;5089
6195;5035
6196;5085
6197;5118
6198;5044
6199;5134
6200;5131
6201;5119
6202;5099
6203;5140
6204;5107
6205;5061
6206;5104
6207;5119
6208;5011
6209;5115
6210;5092
6211;5057
6212;5076
6213;5136
6214;5079
6215;5104
6216;5136
6217;5182
6218;5059
6219;5149
6220;5124
6221;5048
6222;5104
6223;5111
6224;5047
6225;5092
6226;5087
6227;5095
6228;5039
6229;5125
6230;5106
6231;5066
6232;5127
6233;5165
6234;5057
6235;5156
6236;5099
6237;5100
6238;5058
6239;5135
6240;5103
6241;5031
6242;5105
6243;5079
6244;5026
6245;5108
6246;5136
6247;5049
6248;5141
6249;5124
6250;5137
6251;5073
6252;5147
6253;5095
6254;5065
6255;5098
6256;5111
6257;5011
6258;5101
6259;5090
6260;5057
6261;5068
6262;5144
6263;5094
6264;5112
6265;5125
6266;5158
6267;5041
6268;5182
6269;5095
6270;5070
6271;5090
6272;5136
6273;5043
6274;5094
6275;5089
6276;5103
6277;5034
6278;5126
6279;5123
6280;5074
6281;5138
6282;5146
6283;5065
6284;5144
6285;5112
6286;5085
6287;5079
6288;5100
6289;5106
6290;5018
6291;5109
6292;5089
6293;5027
6294;5110
6295;5151
6296;5069
6297;5150
6298;5123
6299;5126
6300;5068
6301;5142
6302;5092
6303;5066
6304;5083
6305;5138
6306;5015
6307;5122
6308;5083
6309;5069
6310;5085
6311;5140
6312;5106
6313;5100
6314;5137
6315;5142
6316;5043
6317;5137
6318;5100
6319;5083
6320;5103
6321;5117
6322;5052
6323;5084
6324;5084
6325;5117
6326;5029
6327;5144
6328;5124
6329;5080
6330;5112
6331;5155
6332;5051
6333;5129
6334;5105
6335;5082
6336;5082
6337;5088
6338;5115
6339;5008
6340;5122
6341;5096
6342;5049
6343;5115
6344;5154
6345;5086
6346;5142
6347;5130
6348;5110
6349;5072
6350;5118
6351;5104
6352;5035
6353;5093
6354;5114
6355;5007
6356;5109
6357;5083
6358;5096
6359;5083
6360;5160
6361;5102
6362;5112
6363;5128
6364;5152
6365;5025
6366;5131
6367;5100
6368;5047
6369;5090
6370;5131
6371;5054
6372;5087
6373;5094
6374;5126
6375;5045
6376;5150
6377;5132
6378;5078
6379;5126
6380;5151
6381;5036
6382;5133
6383;5120
6384;5064
6385;5078
6386;5093
6387;5098
6388;5011
6389;5115
6390;5095
6391;5062
6392;5113
6393;5161
6394;5074
6395;5134
6396;5111
6397;5124
6398;5052
6399;5130
6400;5101
6401;5031
6402;5088
6403;5104
6404;5016
6405;5120
6406;5111
6407;5094
6408;5098
6409;5162
6410;5123
6411;5107
6412;5119
6413;5150
6414;5013
6415;5125
6416;5088
6417;5056
6418;5080
6419;5105
6420;5055
6421;5105
6422;5102
6423;5134
6424;5053
6425;5145
6426;5137
6427;5073
6428;5124
6429;5136
6430;5058
6431;5103
6432;5116
6433;5068
6434;5068
6435;5089
6436;5111
6437;5020
6438;5128
6439;5119
6440;5069
6441;5136
6442;5156
6443;5087
6444;5120
6445;5118
6446;5116
6447;5051
6448;5130
6449;5083
6450;5037
6451;5085
6452;5114
6453;5015
6454;5120
6455;5110
6456;5101
6457;5186
6458;5141
6459;5120
6460;5088
6461;5120
6462;5129
6463;5037
6464;5118
6465;5094
6466;5055
6467;5073
6468;5118
6469;5054
6470;5097
6471;5099
6472;5178
6473;5053
6474;5174
6475;5123
6476;5072
6477;5116
6478;5137
6479;5069
6480;5080
6481;5114
6482;5056
6483;5063
6484;5076
6485;5112
6486;5014
6487;5136
6488;5117
6489;5093
6490;5140
6491;5149
6492;5080
6493;5114
6494;5113
6495;5106
6496;5051
6497;5118
6498;5084
6499;5036
6500;5081
6501;5126
6502;5041
6503;5144
6504;5112
6505;5126
6506;5088
6507;5156
6508;5107
6509;5083
6510;5102
6511;5126
6512;5015
6513;5123
6514;5096
6515;5054
6516;5083
6517;5113
6518;5079
6519;5086
6520;5125
6521;5156
6522;5058
6523;5184
6524;5113
6525;5068
6526;5128
6527;5103
6528;5067
6529;5082
6530;5117
6531;5063
6532;5068
6533;5080
6534;5129
6535;5018
6536;5146
6537;5120
6538;5101
6539;5119
6540;5165
6541;5065
6542;5119
6543;5097
6544;5110
6545;5037
6546;5123
6547;5085
6548;5020
6549;5098
6550;5122
6551;5046
6552;5127
6553;5128
6554;5119
6555;5091
6556;5160
6557;5100
6558;5077
6559;5093
6560;5122
6561;5001
6562;5125
6563;5082
6564;5059
6565;5064
6566;5119
6567;5081
6568;5097
6569;5126
6570;5143
6571;5056
6572;5145
6573;5113
6574;5074
6575;5125
6576;5095
6577;5061
6578;5078
6579;5111
6580;5073
6581;5044
6582;5097
6583;5118
6584;5036
6585;5152
6586;5129
6587;5089
6588;5121
6589;5145
6590;5058
6591;5099
6592;5086
6593;5128
6594;5016
6595;5126
6596;5083
6597;5031
6598;5093
6599;5128
6600;5058
6601;5142
6602;5137
6603;5117
6604;5091
6605;5128
6606;5108
6607;5069
6608;5090
6609;5118
6610;5000
6611;5120
6612;5076
6613;5064
6614;5076
6615;5144
6616;5091
6617;5098
6618;5134
6619;5164
6620;5041
6621;5142
6622;5103
6623;5048
6624;5145
6625;5089
6626;5075
6627;5056
6628;5120
6629;5070
6630;5059
6631;5102
6632;5133
6633;5044
6634;5154
6635;5130
6636;5072
6637;5112
6638;5126
6639;5069
6640;5085
6641;5086
6642;5109
6643;5002
6644;5106
6645;5085
6646;5042
6647;5093
6648;5141
6649;5069
6650;5131
6651;5132
6652;5123
6653;5078
6654;5125
6655;5106
6656;5035
6657;5104
6658;5119
6659;5013
6660;5112
6661;5083
6662;5079
6663;5077
6664;5152
6665;5099
6666;5107
6667;5115
6668;5161
6669;5029
6670;5147
6671;5092
6672;5060
6673;5100
6674;5080
6675;5084
6676;5048
6677;5112
6678;5079
6679;5068
6680;5103
6681;5153
6682;5032
6683;5163
6684;5118
6685;5097
6686;5098
6687;5113
6688;5074
6689;5066
6690;5096
6691;5110
6692;5013
6693;5111
6694;5079
6695;5052
6696;5109
6697;5167
6698;5069
6699;5146
6700;5111
6701;5128
6702;5055
6703;5139
6704;5089
6705;5042
6706;5090
6707;5109
6708;5013
6709;5108
6710;5089
6711;5135
6712;5080
6713;5144
6714;5128
6715;5092
6716;5127
6717;5146
6718;5031
6719;5131
6720;5090
6721;5057
6722;5105
6723;5088
6724;5078
6725;5050
6726;5133
6727;5096
6728;5063
6729;5114
6730;5154
6731;5043
6732;5153
6733;5116
6734;5083
6735;5078
6736;5141
6737;5064
6738;5065
6739;5085
6740;5110
6741;5002
6742;5107
6743;5106
6744;5055
6745;5128
6746;5143
6747;5091
6748;5122
6749;5125
6750;5127
6751;5047
6752;5131
6753;5089
6754;5031
6755;5078
6756;5110
6757;5014
6758;5123
6759;5094
6760;5105
6761;5075
6762;5149
6763;5124
6764;5089
6765;5123
6766;5131
6767;5024
6768;5123
6769;5095
6770;5056
6771;5062
6772;5111
6773;5078
6774;5038
6775;5120
6776;5104
6777;5067
6778;5128
6779;5153
6780;5066
6781;5141
6782;5108
6783;5083
6784;5070
6785;5127
6786;5070
6787;5072
6788;5077
6789;5131
6790;4992
6791;5131
6792;5114
6793;5084
6794;5124
6795;5148
6796;5091
6797;5111
6798;5117
6799;5119
6800;5036
6801;5119
6802;5096
6803;5032
6804;5079
6805;5135
6806;5035
6807;5111
6808;5105
6809;5131
6810;5080
6811;5158
6812;5128
6813;5080
6814;5134
6815;5143
6816;5019
6817;5118
6818;5093
6819;5056
6820;5095
6821;5082
6822;5098
6823;5040
6824;5146
6825;5128
6826;5082
6827;5143
6828;5172
6829;5051
6830;5139
6831;5101
6832;5074
6833;5069
6834;5107
6835;5079
6836;5050
6837;5085
6838;5121
6839;5015
6840;5132
6841;5112
6842;5100
6843;5120
6844;5170
6845;5080
6846;5105
6847;5120
6848;5114
6849;5040
6850;5113
6851;5093
6852;5027
6853;5095
6854;5122
6855;5046
6856;5123
6857;5135
6858;5131
6859;5094
6860;5158
6861;5118
6862;5074
6863;5103
6864;5135
6865;5011
6866;5132
6867;5112
6868;5045
6869;5078
6870;5082
6871;5100
6872;5054
6873;5138
6874;5114
6875;5068
6876;5120
6877;5148
6878;5039
6879;5164
6880;5098
6881;5097
6882;5063
6883;5111
6884;5080
6885;5038
6886;5092
6887;5117
6888;5025
6889;5148
6890;5131
6891;5096
6892;5121
6893;5159
6894;5084
6895;5105
6896;5098
6897;5133
6898;5020
6899;5130
6900;5075
6901;5040
6902;5085
6903;5117
6904;5045
6905;5140
6906;5128
6907;5139
6908;5079
6909;5144
6910;5120
6911;5052
6912;5112
6913;5124
6914;5026
6915;5114
6916;5108
6917;5043
6918;5081
6919;5102
6920;5120
6921;5063
6922;5142
6923;5130
6924;5072
6925;5128
6926;5149
6927;5038
6928;5127
6929;5091
6930;5104
6931;5055
6932;5134
6933;5076
6934;5065
6935;5099
6936;5138
6937;5027
6938;5144
6939;5129
6940;5099
6941;5121
6942;5137
6943;5086
6944;5082
6945;5109
6946;5119
6947;5036
6948;5113
6949;5074
6950;5037
6951;5094
6952;5134
6953;5065
6954;5147
6955;5115
6956;5139
6957;5066
6958;5146
6959;5109
6960;5052
6961;5095
6962;5108
6963;5018
6964;5098
6965;5117
6966;5040
6967;5083
6968;5108
6969;5127
6970;5065
6971;5166
6972;5145
6973;5069
6974;5123
6975;5128
6976;5040
6977;5108
6978;5095
6979;5083
6980;5054
6981;5141
6982;5079
6983;5057
6984;5106
6985;5161
6986;5043
6987;5163
6988;5122
6989;5103
6990;5101
6991;5146
6992;5074
6993;5100
6994;5091
6995;5108
6996;5016
6997;5110
6998;5083
6999;5043
7000;5098
7001;5140
7002;5070
7003;5131
7004;5120
7005;5139
7006;5062
7007;5143
7008;5095
7009;5053
7010;5084
7011;5126
7012;5037
7013;5083
7014;5115
7015;5058
7016;5098
7017;5107
7018;5139
7019;5061
7020;5160
7021;5120
7022;5072
7023;5103
7024;5146
7025;5035
7026;5118
7027;5085
7028;5083
7029;5045
7030;5141
7031;5130
7032;5061
7033;5116
7034;5136
7035;5088
7036;5154
7037;5171
7038;5107
7039;5087
7040;5166
7041;5148
7042;5083
7043;5101
7044;5115
7045;5018
7046;5121
7047;5099
7048;5056
7049;5143
7050;5163
7051;5072
7052;5139
7053;5112
7054;5132
7055;5067
7056;5136
7057;5120
7058;5019
7059;5113
7060;5100
7061;5031
7062;5082
7063;5120
7064;5054
7065;5112
7066;5112
7067;5162
7068;5064
7069;5169
7070;5115
7071;5071
7072;5106
7073;5144
7074;5032
7075;5119
7076;5082
7077;5078
7078;5065
7079;5114
7080;5096
7081;5073
7082;5126
7083;5187
7084;5053
7085;5159
7086;5111
7087;5087
7088;5079
7089;5128
7090;5056
7091;5100
7092;5079
7093;5119
7094;5021
7095;5124
7096;5101
7097;5063
7098;5131
7099;5152
7100;5083
7101;5126
7102;5116
7103;5105
7104;5083
7105;5095
7106;5121
7107;5010
7108;5109
7109;5086
7110;5038
7111;5093
7112;5127
7113;5073
7114;5104
7115;5148
7116;5144
7117;5068
7118;5148
7119;5109
7120;5059
7121;5097
7122;5146
7123;5024
7124;5121
7125;5075
7126;5083
7127;5046
7128;5121
7129;5099
7130;5073
7131;5134
7132;5150
7133;5062
7134;5161
7135;5126
7136;5079
7137;5087
7138;5122
7139;5069
7140;5066
7141;5077
7142;5113
7143;5005
7144;5137
7145;5105
7146;5077
7147;5137
7148;5187
7149;5072
7150;5129
7151;5135
7152;5090
7153;5064
7154;5093
7155;5115
7156;5003
7157;5115
7158;5087
7159;5048
7160;5096
7161;5148
7162;5086
7163;5120
7164;5132
7165;5144
7166;5068
7167;5131
7168;5115
7169;5040
7170;5101
7171;5114
7172;5027
7173;5107
7174;5094
7175;5097
7176;5048
7177;5143
7178;5112
7179;5080
7180;5126
7181;5157
7182;5041
7183;5147
7184;5106
7185;5096
7186;5085
7187;5118
7188;5066
7189;5065
7190;5084
7191;5112
7192;5038
7193;5164
7194;5111
7195;5082
7196;5119
7197;5173
7198;5080
7199;5135
7200;5132
7201;5090
7202;5063
7203;5094
7204;5106
7205;4998
7206;5105
7207;5078
7208;5062
7209;5091
7210;5153
7211;5081
7212;5143
7213;5125
7214;5153
7215;5051
7216;5127
7217;5096
7218;5033
7219;5099
7220;5102
7221;5034
7222;5093
7223;5092
7224;5094
7225;5063
7226;5153
7227;5123
7228;5086
7229;5124
7230;5156
7231;5034
7232;5136
7233;5092
7234;5081
7235;5068
7236;5132
7237;5069
7238;5068
7239;5092
7240;5135
7241;5040
7242;5143
7243;5128
7244;5090
7245;5127
7246;5145
7247;5102
7248;5089
7249;5118
7250;5084
7251;5059
7252;5090
7253;5108
7254;5007
7255;5106
7256;5108
7257;5063
7258;5108
7259;5144
7260;5089
7261;5120
7262;5114
7263;5143
7264;5045
7265;5143
7266;5097
7267;5051
7268;5083
7269;5113
7270;5028
7271;5097
7272;5095
7273;5109
7274;5078
7275;5156
7276;5136
7277;5088
7278;5131
7279;5146
7280;5038
7281;5130
7282;5098
7283;5077
7284;5053
7285;5130
7286;5061
7287;5087
7288;5093
7289;5139
7290;5030
7291;5159
7292;5125
7293;5080
7294;5124
7295;5137
7296;5096
7297;5066
7298;5129
7299;5080
7300;5060
7301;5082
7302;5112
7303;5004
7304;5135
7305;5108
7306;5087
7307;5114
7308;5154
7309;5102
7310;5101
7311;5119
7312;5133
7313;5037
7314;5136
7315;5086
7316;5051
7317;5082
7318;5120
7319;5037
7320;5111
7321;5099
7322;5129
7323;5079
7324;5151
7325;5123
7326;5072
7327;5118
7328;5128
7329;5038
7330;5128
7331;5097
7332;5071
7333;5061
7334;5107
7335;5078
7336;5057
7337;5100
7338;5165
7339;5033
7340;5163
7341;5114
7342;5089
7343;5141
7344;5117
7345;5085
7346;5071
7347;5117
7348;5090
7349;5040
7350;5076
7351;5117
7352;5005
7353;5140
7354;5105
7355;5096
7356;5118
7357;5154
7358;5100
7359;5107
7360;5118
7361;5120
7362;5035
7363;5105
7364;5091
7365;5030
7366;5092
7367;5111
7368;5045
7369;5114
7370;5113
7371;5135
7372;5072
7373;5158
7374;5124
7375;5073
7376;5096
7377;5138
7378;5030
7379;5125
7380;5090
7381;5075
7382;5063
7383;5104
7384;5082
7385;5055
7386;5118
7387;5144
7388;5052
7389;5183
7390;5130
7391;5090
7392;5123
7393;5105
7394;5092
7395;5060
7396;5112
7397;5089
7398;5032
7399;5091
7400;5119
7401;5019
7402;5142
7403;5114
7404;5100
7405;5099
7406;5154
7407;5088
7408;5105
7409;5100
7410;5138
7411;5011
7412;5122
7413;5084
7414;5032
7415;5086
7416;5120
7417;5058
7418;5102
7419;5139
7420;5142
7421;5077
7422;5155
7423;5128
7424;5064
7425;5102
7426;5131
7427;5028
7428;5120
7429;5081
7430;5076
7431;5045
7432;5120
7433;5097
7434;5069
7435;5120
7436;5149
7437;5047
7438;5145
7439;5167
7440;5052
7441;5131
7442;5099
7443;5099
7444;5063
7445;5110
7446;5083
7447;5040
7448;5094
7449;5134
7450;5033
7451;5139
7452;5133
7453;5104
7454;5117
7455;5144
7456;5098
7457;5087
7458;5102
7459;5136
7460;5011
7461;5119
7462;5079
7463;5047
7464;5085
7465;5132
7466;5073
7467;5127
7468;5119
7469;5143
7470;5073
7471;5144
7472;5119
7473;5049
7474;5106
7475;5114
7476;5040
7477;5106
7478;5078
7479;5077
7480;5049
7481;5127
7482;5102
7483;5074
7484;5125
7485;5167
7486;5037
7487;5160
7488;5138
7489;5052
7490;5127
7491;5093
7492;5089
7493;5046
7494;5130
7495;5081
7496;5044
7497;5093
7498;5144
7499;5044
7500;5160
7501;5128
7502;5121
7503;5098
7504;5137
7505;5088
7506;5075
7507;5092
7508;5115
7509;5011
7510;5107
7511;5077
7512;5058
7513;5088
7514;5138
7515;5073
7516;5134
7517;5114
7518;5163
7519;5057
7520;5145
7521;5104
7522;5052
7523;5100
7524;5121
7525;5027
7526;5103
7527;5088
7528;5085
7529;5064
7530;5133
7531;5131
7532;5084
7533;5134
7534;5379
7535;5106
7536;5116
7537;5133
7538;5045
7539;5107
7540;5101
7541;5107
7542;5054
7543;5117
7544;5090
7545;5048
7546;5099
7547;5157
7548;5045
7549;5170
7550;5139
7551;5095
7552;5097
7553;5136
7554;5083
7555;5070
7556;5091
7557;5122
7558;5012
7559;5112
7560;5084
7561;5063
7562;5111
7563;5148
7564;5076
7565;5137
7566;5118
7567;5140
7568;5056
7569;5141
7570;5097
7571;5050
7572;5088
7573;5122
7574;5020
7575;5105
7576;5086
7577;5080
7578;5072
7579;5141
7580;5155
7581;5062
7582;5166
7583;5126
7584;5066
7585;5106
7586;5125
7587;5049
7588;5098
7589;5088
7590;5074
7591;5050
7592;5137
7593;5095
7594;5063
7595;5114
7596;5162
7597;5056
7598;5169
7599;5120
7600;5103
7601;5080
7602;5138
7603;5069
7604;5090
7605;5087
7606;5106
7607;4999
7608;5117
7609;5092
7610;5053
7611;5109
7612;5139
7613;5093
7614;5120
7615;5125
7616;5131
7617;5059
7618;5127
7619;5121
7620;5035
7621;5096
7622;5118
7623;5020
7624;5113
7625;5088
7626;5111
7627;5070
7628;5143
7629;5144
7630;5065
7631;5153
7632;5114
7633;5057
7634;5100
7635;5131
7636;5035
7637;5094
7638;5085
7639;5091
7640;5037
7641;5117
7642;5107
7643;5072
7644;5133
7645;5146
7646;5058
7647;5151
7648;5135
7649;5094
7650;5085
7651;5128
7652;5079
7653;5073
7654;5085
7655;5117
7656;4998
7657;5129
7658;5103
7659;5084
7660;5120
7661;5162
7662;5086
7663;5117
7664;5118
7665;5132
7666;5042
7667;5127
7668;5099
7669;5028
7670;5094
7671;5109
7672;5026
7673;5115
7674;5098
7675;5121
7676;5104
7677;5135
7678;5146
7679;5061
7680;5134
7681;5112
7682;5044
7683;5099
7684;5121
7685;5038
7686;5095
7687;5088
7688;5095
7689;5030
7690;5138
7691;5113
7692;5085
7693;5116
7694;5189
7695;5053
7696;5145
7697;5108
7698;5092
7699;5072
7700;5113
7701;5082
7702;5042
7703;5089
7704;5116
7705;4999
7706;5131
7707;5104
7708;5092
7709;5113
7710;5159
7711;5086
7712;5125
7713;5112
7714;5134
7715;5031
7716;5122
7717;5099
7718;5040
7719;5094
7720;5109
7721;5039
7722;5109
7723;5113
7724;5121
7725;5121
7726;5131
7727;5161
7728;5045
7729;5137
7730;5103
7731;5044
7732;5094
7733;5111
7734;5037
7735;5074
7736;5087
7737;5094
7738;5050
7739;5143
7740;5127
7741;5071
7742;5133
7743;5154
7744;5048
7745;5167
7746;5099
7747;5092
7748;5063
7749;5124
7750;5079
7751;5044
7752;5098
7753;5121
7754;5030
7755;5152
7756;5136
7757;5096
7758;5131
7759;5155
7760;5097
7761;5107
7762;5098
7763;5125
7764;5024
7765;5125
7766;5082
7767;5036
7768;5074
7769;5125
7770;5045
7771;5125
7772;5141
7773;5103
7774;5097
7775;5120
7776;5140
7777;5038
7778;5138
7779;5098
7780;5047
7781;5082
7782;5125
7783;5042
7784;5089
7785;5090
7786;5111
7787;5058
7788;5142
7789;5130
7790;5078
7791;5135
7792;5149
7793;5050
7794;5135
7795;5094
7796;5115
7797;5062
7798;5120
7799;5071
7800;5056
7801;5077
7802;5129
7803;5017
7804;5168
7805;5114
7806;5102
7807;5117
7808;5149
7809;5089
7810;5097
7811;5098
7812;5123
7813;5020
7814;5105
7815;5092
7816;5032
7817;5097
7818;5129
7819;5064
7820;5128
7821;5152
7822;5120
7823;5101
7824;5135
7825;5134
7826;5035
7827;5127
7828;5090
7829;5047
7830;5080
7831;5122
7832;5031
7833;5089
7834;5095
7835;5142
7836;5054
7837;5165
7838;5119
7839;5078
7840;5125
7841;5134
7842;5047
7843;5116
7844;5095
7845;5078
7846;5052
7847;5128
7848;5091
7849;5049
7850;5104
7851;5143
7852;5032
7853;5147
7854;5120
7855;5102
7856;5110
7857;5148
7858;5072
7859;5087
7860;5089
7861;5122
7862;5009
7863;5103
7864;5089
7865;5034
7866;5103
7867;5140
7868;5101
7869;5106
7870;5156
7871;5121
7872;5098
7873;5123
7874;5142
7875;5024
7876;5131
7877;5089
7878;5039
7879;5089
7880;5106
7881;5059
7882;5095
7883;5107
7884;5134
7885;5057
7886;5157
7887;5127
7888;5083
7889;5102
7890;5141
7891;5030
7892;5115
7893;5089
7894;5089
7895;5047
7896;5114
7897;5089
7898;5059
7899;5111
7900;5152
7901;5049
7902;5153
7903;5140
7904;5107
7905;5101
7906;5139
7907;5070
7908;5090
7909;5086
7910;5127
7911;5001
7912;5126
7913;5087
7914;5065
7915;5133
7916;5122
7917;5104
7918;5112
7919;5153
7920;5110
7921;5092
7922;5102
7923;5130
7924;5012
7925;5114
7926;5094
7927;5053
7928;5072
7929;5132
7930;5055
7931;5094
7932;5114
7933;5136
7934;5068
7935;5150
7936;5129
7937;5058
7938;5116
7939;5140
7940;5038
7941;5109
7942;5084
7943;5089
7944;5037
7945;5131
7946;5090
7947;5068
7948;5115
7949;5182
7950;5067
7951;5160
7952;5128
7953;5090
7954;5093
7955;5127
7956;5086
7957;5066
7958;5087
7959;5111
7960;5012
7961;5109
7962;5107
7963;5038
7964;5146
7965;5123
7966;5117
7967;5106
7968;5148
7969;5104
7970;5068
7971;5110
7972;5118
7973;5012
7974;5114
7975;5083
7976;5051
7977;5078
7978;5129
7979;5069
7980;5112
7981;5118
7982;5165
7983;5055
7984;5147
7985;5119
7986;5054
7987;5109
7988;5119
7989;5043
7990;5105
7991;5085
7992;5089
7993;5044
7994;5124
7995;5094
7996;5071
7997;5114
7998;5154
7999;5046
8000;5184
8001;5112
8002;5094
8003;5080
8004;5129
8005;5074
8006;5069
8007;5086
8008;5109
8009;5004
8010;5116
8011;5138
8012;5038
8013;5152
8014;5131
8015;5118
8016;5088
8017;5144
8018;5114
8019;5061
8020;5108
8021;5108
8022;5017
8023;5113
8024;5086
8025;5050
8026;5079
8027;5138
8028;5080
8029;5116
8030;5128
8031;5172
8032;5055
8033;5154
8034;5103
8035;5061
8036;5095
8037;5131
8038;5035
8039;5099
8040;5096
8041;5087
8042;5051
8043;5131
8044;5122
8045;5061
8046;5132
8047;5156
8048;5057
8049;5148
8050;5118
8051;5106
8052;5071
8053;5125
8054;5069
8055;5058
8056;5079
8057;5116
8058;5029
8059;5102
8060;5136
8061;5049
8062;5147
8063;5125
8064;5116
8065;5085
8066;5149
8067;5092
8068;5073
8069;5088
8070;5133
8071;5008
8072;5119
8073;5090
8074;5058
8075;5094
8076;5133
8077;5103
8078;5115
8079;5135
8080;5143
8081;5060
8082;5137
8083;5103
8084;5056
8085;5088
8086;5122
8087;5028
8088;5090
8089;5076
8090;5110
8091;5038
8092;5145
8093;5127
8094;5076
8095;5134
8096;5163
8097;5048
8098;5138
8099;5113
8100;5079
8101;5079
8102;5135
8103;5084
8104;5059
8105;5114
8106;5103
8107;5041
8108;5123
8109;5150
8110;5068
8111;5150
8112;5132
8113;5097
8114;5087
8115;5120
8116;5091
8117;5056
8118;5088
8119;5117
8120;4992
8121;5119
8122;5083
8123;5085
8124;5083
8125;5143
8126;5096
8127;5111
8128;5127
8129;5138
8130;5041
8131;5131
8132;5104
8133;5043
8134;5093
8135;5122
8136;5032
8137;5093
8138;5094
8139;5121
8140;5050
8141;5153
8142;5125
8143;5087
8144;5127
8145;5161
8146;5043
8147;5140
8148;5103
8149;5081
8150;5065
8151;5114
8152;5074
8153;5067
8154;5118
8155;5090
8156;5053
8157;5114
8158;5156
8159;5064
8160;5152
8161;5125
8162;5114
8163;5069
8164;5127
8165;5095
8166;5044
8167;5089
8168;5104
8169;5009
8170;5113
8171;5096
8172;5087
8173;5104
8174;5160
8175;5103
8176;5117
8177;5123
8178;5153
8179;5023
8180;5132
8181;5095
8182;5042
8183;5101
8184;5113
8185;5043
8186;5085
8187;5103
8188;5120
8189;5073
8190;5156
8191;5137
8192;5077
8193;5121
8194;5167
8195;5043
8196;5138
8197;5089
8198;5076
8199;5059
8200;5113
8201;5111
8202;5032
8203;5135
8204;5125
8205;5052
8206;5124
8207;5147
8208;5059
8209;5143
8210;5102
8211;5098
8212;5054
8213;5124
8214;5086
8215;5050
8216;5090
8217;5104
8218;5011
8219;5121
8220;5112
8221;5080
8222;5112
8223;5159
8224;5106
8225;5103
8226;5121
8227;5143
8228;5025
8229;5135
8230;5084
8231;5081
8232;5076
8233;5115
8234;5040
8235;5103
8236;5105
8237;5129
8238;5073
8239;5166
8240;5127
8241;5062
8242;5113
8243;5129
8244;5031
8245;5103
8246;5093
8247;5069
8248;5073
8249;5075
8250;5103
8251;5028
8252;5129
8253;5116
8254;5078
8255;5137
8256;5156
8257;5068
8258;5124
8259;5098
8260;5102
8261;5044
8262;5118
8263;5076
8264;5036
8265;5078
8266;5132
8267;5012
8268;5146
8269;5124
8270;5105
8271;5107
8272;5154
8273;5103
8274;5089
8275;5110
8276;5126
8277;5019
8278;5104
8279;5089
8280;5041
8281;5085
8282;5109
8283;5052
8284;5101
8285;5111
8286;5140
8287;5057
8288;5157
8289;5109
8290;5066
8291;5100
8292;5131
8293;5038
8294;5100
8295;5095
8296;5073
8297;5051
8298;5108
8299;5122
8300;5027
8301;5149
8302;5129
8303;5074
8304;5136
8305;5167
8306;5065
8307;5114
8308;5104
8309;5090
8310;5053
8311;5100
8312;5084
8313;5021
8314;5085
8315;5118
8316;5027
8317;5144
8318;5119
8319;5131
8320;5090
8321;5154
8322;5094
8323;5076
8324;5094
8325;5122
8326;5005
8327;5109
8328;5084
8329;5041
8330;5081
8331;5120
8332;5076
8333;5101
8334;5121
8335;5156
8336;5058
8337;5148
8338;5105
8339;5060
8340;5094
8341;5132
8342;5028
8343;5106
8344;5082
8345;5081
8346;5036
8347;5114
8348;5120
8349;5022
8350;5147
8351;5122
8352;5082
8353;5117
8354;5147
8355;5057
8356;5138
8357;5099
8358;5120
8359;5036
8360;5117
8361;5087
8362;5017
8363;5104
8364;5125
8365;5056
8366;5139
8367;5144
8368;5115
8369;5101
8370;5141
8371;5092
8372;5074
8373;5088
8374;5120
8375;5005
8376;5114
8377;5078
8378;5048
8379;5079
8380;5112
8381;5089
8382;5101
8383;5136
8384;5151
8385;5055
8386;5145
8387;5113
8388;5055
8389;5101
8390;5120
8391;5036
8392;5090
8393;5079
8394;5097
8395;5026
8396;5134
8397;5138
8398;5046
8399;5153
8400;5132
8401;5080
8402;5129
8403;5133
8404;5062
8405;5093
8406;5084
8407;5129
8408;5018
8409;5112
8410;5089
8411;5034
8412;5096
8413;5130
8414;5066
8415;5144
8416;5137
8417;5113
8418;5092
8419;5178
8420;5104
8421;5059
8422;5086
8423;5122
8424;5005
8425;5109
8426;5079
8427;5070
8428;5074
8429;5145
8430;5092
8431;5104
8432;5132
8433;5145
8434;5039
8435;5136
8436;5113
8437;5049
8438;5091
8439;5111
8440;5046
8441;5078
8442;5081
8443;5106
8444;5040
8445;5137
8446;5141
8447;5048
8448;5152
8449;5129
8450;5075
8451;5108
8452;5132
8453;5056
8454;5088
8455;5088
8456;5106
8457;5002
8458;5137
8459;5082
8460;5053
8461;5098
8462;5146
8463;5066
8464;5138
8465;5128
8466;5128
8467;5078
8468;5122
8469;5106
8470;5041
8471;5094
8472;5110
8473;5008
8474;5118
8475;5095
8476;5079
8477;5079
8478;5154
8479;5107
8480;5107
8481;5114
8482;5155
8483;5029
8484;5139
8485;5092
8486;5055
8487;5096
8488;5129
8489;5049
8490;5076
8491;5106
8492;5115
8493;5045
8494;5119
8495;5150
8496;5048
8497;5160
8498;5136
8499;5076
8500;5098
8501;5129
8502;5068
8503;5077
8504;5091
8505;5100
8506;5016
8507;5116
8508;5096
8509;5074
8510;5122
8511;5164
8512;5072
8513;5148
8514;5118
8515;5151
8516;5093
8517;5137
8518;5086
8519;5058
8520;5134
8521;5111
8522;5045
8523;5112
8524;5113
8525;5115
8526;5136
8527;5180
8528;5103
8529;5117
8530;5145
8531;5155
8532;5033
8533;5133
8534;5099
8535;5045
8536;5090
8537;5108
8538;5067
8539;5046
8540;5128
8541;5085
8542;5082
8543;5127
8544;5153
8545;5053
8546;5151
8547;5124
8548;5076
8549;5101
8550;5111
8551;5062
8552;5078
8553;5092
8554;5108
8555;5019
8556;5128
8557;5107
8558;5076
8559;5126
8560;5195
8561;5071
8562;5157
8563;5104
8564;5108
8565;5068
8566;5130
8567;5090
8568;5035
8569;5091
8570;5100
8571;5011
8572;5126
8573;5117
8574;5096
8575;5118
8576;5164
8577;5112
8578;5105
8579;5115
8580;5150
8581;5018
8582;5131
8583;5086
8584;5067
8585;5112
8586;5092
8587;5069
8588;5074
8589;5135
8590;5115
8591;5090
8592;5120
8593;5162
8594;5035
8595;5146
8596;5101
8597;5071
8598;5078
8599;5129
8600;5048
8601;5087
8602;5093
8603;5111
8604;5031
8605;5137
8606;5124
8607;5068
8608;5133
8609;5149
8610;5068
8611;5176
8612;5105
8613;5111
8614;5053
8615;5127
8616;5087
8617;5041
8618;5083
8619;5119
8620;5021
8621;5135
8622;5112
8623;5108
8624;5109
8625;5153
8626;5108
8627;5092
8628;5106
8629;5126
8630;5018
8631;5125
8632;5124
8633;5010
8634;5106
8635;5085
8636;5070
8637;5073
8638;5137
8639;5119
8640;5103
8641;5139
8642;5145
8643;5039
8644;5142
8645;5105
8646;5063
8647;5078
8648;5127
8649;5045
8650;5096
8651;5080
8652;5138
8653;5027
8654;5155
8655;5128
8656;5078
8657;5124
8658;5148
8659;5064
8660;5110
8661;5113
8662;5108
8663;5053
8664;5112
8665;5091
8666;5031
8667;5086
8668;5122
8669;5026
8670;5149
8671;5129
8672;5113
8673;5103
8674;5153
8675;5093
8676;5090
8677;5165
8678;5121
8679;5017
8680;5089
8681;5111
8682;5008
8683;5116
8684;5094
8685;5090
8686;5092
8687;5149
8688;5119
8689;5096
8690;5128
8691;5129
8692;5044
8693;5117
8694;5102
8695;5059
8696;5083
8697;5108
8698;5052
8699;5076
8700;5091
8701;5131
8702;5033
8703;5153
8704;5117
8705;5082
8706;5120
8707;5161
8708;5052
8709;5112
8710;5098
8711;5095
8712;5042
8713;5134
8714;5095
8715;5032
8716;5105
8717;5146
8718;5077
8719;5148
8720;5136
8721;5116
8722;5100
8723;5148
8724;5087
8725;5082
8726;5091
8727;5126
8728;5025
8729;5085
8730;5112
8731;5014
8732;5107
8733;5099
8734;5105
8735;5082
8736;5160
8737;5113
8738;5098
8739;5119
8740;5151
8741;5017
8742;5134
8743;5093
8744;5071
8745;5078
8746;5103
8747;5066
8748;5065
8749;5116
8750;5137
8751;5063
8752;5160
8753;5137
8754;5083
8755;5117
8756;5148
8757;5046
8758;5114
8759;5086
8760;5099
8761;5037
8762;5122
8763;5086
8764;5053
8765;5103
8766;5141
8767;5055
8768;5152
8769;5135
8770;5116
8771;5090
8772;5133
8773;5099
8774;5070
8775;5128
8776;5094
8777;5027
8778;5087
8779;5115
8780;5031
8781;5129
8782;5125
8783;5100
8784;5095
8785;5159
8786;5122
8787;5081
8788;5108
8789;5130
8790;5025
8791;5120
8792;5087
8793;5069
8794;5059
8795;5126
8796;5054
8797;5082
8798;5106
8799;5146
8800;5052
8801;5149
8802;5138
8803;5074
8804;5122
8805;5138
8806;5058
8807;5105
8808;5098
8809;5096
8810;5023
8811;5123
8812;5089
8813;5045
8814;5106
8815;5184
8816;5063
8817;5169
8818;5130
8819;5110
8820;5093
8821;5132
8822;5112
8823;5034
8824;5106
8825;5082
8826;5036
8827;5081
8828;5119
8829;5031
8830;5125
8831;5115
8832;5127
8833;5093
8834;5146
8835;5114
8836;5076
8837;5106
8838;5122
8839;5022
8840;5121
8841;5092
8842;5064
8843;5070
8844;5137
8845;5074
8846;5097
8847;5123
8848;5167
8849;5048
8850;5160
8851;5119
8852;5069
8853;5115
8854;5134
8855;5058
8856;5097
8857;5090
8858;5097
8859;5043
8860;5120
8861;5103
8862;5046
8863;5122
8864;5151
8865;5066
8866;5186
8867;5117
8868;5106
8869;5103
8870;5118
8871;5108
8872;5044
8873;5108
8874;5093
8875;5018
8876;5096
8877;5117
8878;5047
8879;5134
8880;5118
8881;5128
8882;5083
8883;5163
8884;5108
8885;5071
8886;5096
8887;5125
8888;5010
8889;5103
8890;5087
8891;5053
8892;5078
8893;5127
8894;5093
8895;5090
8896;5129
8897;5158
8898;5056
8899;5156
8900;5115
8901;5072
8902;5098
8903;5136
8904;5039
8905;5098
8906;5086
8907;5109
8908;5032
8909;5132
8910;5111
8911;5072
8912;5124
8913;5143
8914;5065
8915;5134
8916;5119
8917;5109
8918;5101
8919;5099
8920;5109
8921;5026
8922;5108
8923;5088
8924;5023
8925;5105
8926;5127
8927;5067
8928;5130
8929;5130
8930;5128
8931;5082
8932;5146
8933;5117
8934;5058
8935;5095
8936;5133
8937;5004
8938;5128
8939;5076
8940;5068
8941;5075
8942;5139
8943;5096
8944;5103
8945;5131
8946;5138
8947;5055
8948;5142
8949;5109
8950;5054
8951;5102
8952;5116
8953;5053
8954;5086
8955;5084
8956;5102
8957;5018
8958;5132
8959;5114
8960;5081
8961;5119
8962;5164
8963;5073
8964;5139
8965;5136
8966;5066
8967;5106
8968;5088
8969;5115
8970;5006
8971;5127
8972;5086
8973;5045
8974;5100
8975;5147
8976;5064
8977;5148
8978;5134
8979;5126
8980;5083
8981;5137
8982;5098
8983;5041
8984;5103
8985;5118
8986;5013
8987;5117
8988;5081
8989;5081
8990;5076
8991;5150
8992;5105
8993;5100
8994;5128
8995;5155
8996;5033
8997;5140
8998;5105
8999;5052
9000;5101
9001;5117
9002;5048
9003;5083
9004;5098
9005;5118
9006;5039
9007;5147
9008;5125
9009;5076
9010;5126
9011;5153
9012;5050
9013;5129
9014;5130
9015;5073
9016;5088
9017;5095
9018;5125
9019;5247
9020;5188
9021;5098
9022;5059
9023;5106
9024;5162
9025;5066
9026;5182
9027;5122
9028;5127
9029;5069
9030;5142
9031;5089
9032;5054
9033;5089
9034;5120
9035;5018
9036;5110
9037;5102
9038;5080
9039;5093
9040;5152
9041;5106
9042;5113
9043;5127
9044;5154
9045;5022
9046;5132
9047;5086
9048;5053
9049;5083
9050;5110
9051;5038
9052;5088
9053;5104
9054;5114
9055;5063
9056;5153
9057;5161
9058;5042
9059;5158
9060;5109
9061;5081
9062;5103
9063;5116
9064;5055
9065;5085
9066;5098
9067;5103
9068;5023
9069;5133
9070;5113
9071;5059
9072;5130
9073;5146
9074;5074
9075;5140
9076;5106
9077;5119
9078;5064
9079;5132
9080;5084
9081;5045
9082;5075
9083;5118
9084;4999
9085;5114
9086;5111
9087;5083
9088;5105
9089;5140
9090;5109
9091;5103
9092;5133
9093;5141
9094;5034
9095;5127
9096;5093
9097;5047
9098;5089
9099;5118
9100;5037
9101;5102
9102;5089
9103;5138
9104;5054
9105;5168
9106;5156
9107;5047
9108;5144
9109;5119
9110;5062
9111;5093
9112;5113
9113;5045
9114;5075
9115;5084
9116;5110
9117;5013
9118;5126
9119;5115
9120;5080
9121;5140
9122;5152
9123;5080
9124;5125
9125;5122
9126;5107
9127;5057
9128;5120
9129;5087
9130;5048
9131;5087
9132;5127
9133;5012
9134;5140
9135;5105
9136;5110
9137;5096
9138;5167
9139;5111
9140;5101
9141;5110
9142;5118
9143;5020
9144;5122
9145;5086
9146;5037
9147;5089
9148;5105
9149;5058
9150;5088
9151;5112
9152;5135
9153;5057
9154;5157
9155;5146
9156;5047
9157;5128
9158;5106
9159;5053
9160;5086
9161;5126
9162;5062
9163;5069
9164;5083
9165;5121
9166;5018
9167;5140
9168;5119
9169;5099
9170;5128
9171;5205
9172;5068
9173;5142
9174;5102
9175;5109
9176;5048
9177;5118
9178;5097
9179;5029
9180;5086
9181;5116
9182;5029
9183;5134
9184;5120
9185;5112
9186;5118
9187;5160
9188;5109
9189;5095
9190;5103
9191;5128
9192;5008
9193;5122
9194;5081
9195;5050
9196;5075
9197;5115
9198;5062
9199;5094
9200;5129
9201;5154
9202;5088
9203;5118
9204;5163
9205;5022
9206;5138
9207;5103
9208;5066
9209;5090
9210;5119
9211;5054
9212;5071
9213;5099
9214;5121
9215;5030
9216;5141
9217;5139
9218;5082
9219;5134
9220;5142
9221;5079
9222;5142
9223;5107
9224;5101
9225;5048
9226;5122
9227;5090
9228;5051
9229;5083
9230;5141
9231;5029
9232;5150
9233;5127
9234;5119
9235;5101
9236;5143
9237;5103
9238;5085
9239;5106
9240;5124
9241;5019
9242;5104
9243;5089
9244;5047
9245;5079
9246;5121
9247;5068
9248;5115
9249;5155
9250;5128
9251;5094
9252;5132
9253;5136
9254;5042
9255;5122
9256;5107
9257;5061
9258;5077
9259;5112
9260;5055
9261;5075
9262;5099
9263;5141
9264;5035
9265;5168
9266;5123
9267;5094
9268;5118
9269;5141
9270;5054
9271;5115
9272;5102
9273;5118
9274;5048
9275;5109
9276;5085
9277;5038
9278;5097
9279;5143
9280;5045
9281;5153
9282;5133
9283;5116
9284;5080
9285;5142
9286;5090
9287;5090
9288;5096
9289;5133
9290;5023
9291;5121
9292;5092
9293;5051
9294;5097
9295;5133
9296;5113
9297;5080
9298;5161
9299;5109
9300;5096
9301;5118
9302;5137
9303;5021
9304;5139
9305;5085
9306;5062
9307;5078
9308;5100
9309;5065
9310;5072
9311;5098
9312;5140
9313;5038
9314;5160
9315;5115
9316;5089
9317;5122
9318;5148
9319;5048
9320;5109
9321;5090
9322;5111
9323;5029
9324;5130
9325;5093
9326;5022
9327;5110
9328;5145
9329;5060
9330;5155
9331;5137
9332;5109
9333;5101
9334;5141
9335;5095
9336;5063
9337;5090
9338;5119
9339;4996
9340;5118
9341;5081
9342;5063
9343;5117
9344;5129
9345;5118
9346;5095
9347;5158
9348;5130
9349;5078
9350;5109
9351;5131
9352;5009
9353;5137
9354;5099
9355;5071
9356;5067
9357;5127
9358;5073
9359;5087
9360;5119
9361;5139
9362;5076
9363;5155
9364;5132
9365;5063
9366;5114
9367;5124
9368;5049
9369;5103
9370;5092
9371;5107
9372;5037
9373;5110
9374;5082
9375;5076
9376;5106
9377;5159
9378;5057
9379;5165
9380;5130
9381;5112
9382;5080
9383;5125
9384;5091
9385;5053
9386;5102
9387;5109
9388;5007
9389;5113
9390;5124
9391;5053
9392;5124
9393;5127
9394;5130
9395;5091
9396;5143
9397;5123
9398;5067
9399;5104
9400;5118
9401;5012
9402;5112
9403;5083
9404;5068
9405;5073
9406;5127
9407;5077
9408;5099
9409;5111
9410;5155
9411;5046
9412;5162
9413;5106
9414;5074
9415;5106
9416;5122
9417;5048
9418;5085
9419;5093
9420;5179
9421;5035
9422;5129
9423;5108
9424;5059
9425;5128
9426;5199
9427;5066
9428;5167
9429;5118
9430;5114
9431;5070
9432;5136
9433;5081
9434;5062
9435;5085
9436;5112
9437;5025
9438;5095
9439;5126
9440;5045
9441;5146
9442;5124
9443;5131
9444;5089
9445;5149
9446;5098
9447;5068
9448;5096
9449;5126
9450;5015
9451;5106
9452;5091
9453;5057
9454;5078
9455;5122
9456;5097
9457;5099
9458;5131
9459;5162
9460;5041
9461;5156
9462;5106
9463;5066
9464;5091
9465;5127
9466;5036
9467;5090
9468;5079
9469;5101
9470;5037
9471;5129
9472;5123
9473;5059
9474;5134
9475;5149
9476;5072
9477;5183
9478;5128
9479;5095
9480;5071
9481;5117
9482;5079
9483;5050
9484;5106
9485;5103
9486;5040
9487;5114
9488;5140
9489;5075
9490;5144
9491;5140
9492;5121
9493;5083
9494;5144
9495;5103
9496;5064
9497;5086
9498;5115
9499;4999
9500;5125
9501;5081
9502;5080
9503;5079
9504;5145
9505;5110
9506;5100
9507;5130
9508;5144
9509;5046
9510;5134
9511;5106
9512;5061
9513;5098
9514;5120
9515;5041
9516;5094
9517;5083
9518;5118
9519;5030
9520;5150
9521;5122
9522;5085
9523;5129
9524;5155
9525;5056
9526;5149
9527;5101
9528;5105
9529;5065
9530;5117
9531;5118
9532;5014
9533;5119
9534;5081
9535;5040
9536;5107
9537;5146
9538;5072
9539;5146
9540;5133
9541;5118
9542;5080
9543;5122
9544;5105
9545;5042
9546;5082
9547;5115
9548;5005
9549;5115
9550;5081
9551;5095
9552;5075
9553;5160
9554;5104
9555;5119
9556;5135
9557;5156
9558;5031
9559;5132
9560;5106
9561;5044
9562;5089
9563;5106
9564;5050
9565;5079
9566;5097
9567;5123
9568;5055
9569;5147
9570;5140
9571;5078
9572;5134
9573;5151
9574;5051
9575;5130
9576;5098
9577;5093
9578;5044
9579;5144
9580;5112
9581;5019
9582;5121
9583;5105
9584;5058
9585;5106
9586;5152
9587;5074
9588;5135
9589;5121
9590;5117
9591;5060
9592;5127
9593;5088
9594;5033
9595;5094
9596;5105
9597;5014
9598;5108
9599;5101
9600;5089
9601;5085
9602;5147
9603;5109
9604;5110
9605;5130
9606;5147
9607;5020
9608;5136
9609;5088
9610;5060
9611;5081
9612;5124
9613;5047
9614;5078
9615;5106
9616;5123
9617;5058
9618;5159
9619;5130
9620;5075
9621;5129
9622;5140
9623;5055
9624;5113
9625;5085
9626;5084
9627;5066
9628;5079
9629;5116
9630;5021
9631;5114
9632;5111
9633;5053
9634;5126
9635;5157
9636;5077
9637;5126
9638;5116
9639;5121
9640;5047
9641;5132
9642;5088
9643;5054
9644;5082
9645;5132
9646;5020
9647;5128
9648;5114
9649;5099
9650;5098
9651;5149
9652;5126
9653;5097
9654;5122
9655;5126
9656;5030
9657;5125
9658;5094
9659;5052
9660;5081
9661;5118
9662;5047
9663;5079
9664;5102
9665;5132
9666;5046
9667;5147
9668;5122
9669;5074
9670;5112
9671;5128
9672;5048
9673;5104
9674;5096
9675;5085
9676;5071
9677;5088
9678;5117
9679;5010
9680;5137
9681;5128
9682;5083
9683;5145
9684;5157
9685;5084
9686;5116
9687;5114
9688;5103
9689;5049
9690;5119
9691;5100
9692;5039
9693;5083
9694;5112
9695;5019
9696;5143
9697;5109
9698;5122
9699;5094
9700;5166
9701;5106
9702;5093
9703;5109
9704;5126
9705;5023
9706;5116
9707;5094
9708;5056
9709;5083
9710;5111
9711;5071
9712;5103
9713;5114
9714;5161
9715;5057
9716;5154
9717;5126
9718;5074
9719;5097
9720;5173
9721;5036
9722;5118
9723;5109
9724;5066
9725;5059
9726;5086
9727;5129
9728;5021
9729;5150
9730;5131
9731;5096
9732;5135
9733;5157
9734;5065
9735;5133
9736;5095
9737;5115
9738;5042
9739;5118
9740;5090
9741;5032
9742;5093
9743;5120
9744;5032
9745;5139
9746;5122
9747;5130
9748;5094
9749;5158
9750;5097
9751;5088
9752;5097
9753;5134
9754;5003
9755;5140
9756;5085
9757;5053
9758;5075
9759;5114
9760;5078
9761;5099
9762;5126
9763;5151
9764;5058
9765;5151
9766;5133
9767;5061
9768;5104
9769;5124
9770;5061
9771;5076
9772;5107
9773;5070
9774;5068
9775;5094
9776;5121
9777;5040
9778;5144
9779;5137
9780;5084
9781;5129
9782;5159
9783;5060
9784;5107
9785;5092
9786;5117
9787;5034
9788;5118
9789;5078
9790;5036
9791;5093
9792;5133
9793;5045
9794;5132
9795;5129
9796;5119
9797;5098
9798;5137
9799;5112
9800;5064
9801;5116
9802;5136
9803;5012
9804;5121
9805;5085
9806;5073
9807;5071
9808;5137
9809;5089
9810;5113
9811;5124
9812;5158
9813;5061
9814;5156
9815;5113
9816;5057
9817;5129
9818;5091
9819;5064
9820;5065
9821;5116
9822;5064
9823;5151
9824;5108
9825;5142
9826;5044
9827;5144
9828;5131
9829;5074
9830;5126
9831;5137
9832;5066
9833;5112
9834;5096
9835;5105
9836;5029
9837;5119
9838;5084
9839;5037
9840;5094
9841;5159
9842;5054
9843;5160
9844;5131
9845;5131
9846;5084
9847;5150
9848;5098
9849;5056
9850;5095
9851;5106
9852;5004
9853;5121
9854;5084
9855;5064
9856;5097
9857;5137
9858;5097
9859;5115
9860;5118
9861;5153
9862;5045
9863;5146
9864;5125
9865;5027
9866;5121
9867;5092
9868;5061
9869;5061
9870;5112
9871;5073
9872;5070
9873;5104
9874;5151
9875;5040
9876;5155
9877;5126
9878;5090
9879;5099
9880;5140
9881;5059
9882;5082
9883;5089
9884;5116
9885;5027
9886;5102
9887;5099
9888;5030
9889;5115
9890;5138
9891;5064
9892;5153
9893;5116
9894;5119
9895;5080
9896;5144
9897;5086
9898;5054
9899;5093
9900;5115
9901;5001
9902;5101
9903;5088
9904;5071
9905;5094
9906;5154
9907;5105
9908;5111
9909;5129
9910;5145
9911;5035
9912;5133
9913;5123
9914;5022
9915;5105
9916;5083
9917;5066
9918;5064
9919;5108
9920;5093
9921;5059
9922;5127
9923;5145
9924;5054
9925;5155
9926;5115
9927;5079
9928;5096
9929;5125
9930;5051
9931;5090
9932;5077
9933;5117
9934;5017
9935;5141
9936;5098
9937;5060
9938;5132
9939;5148
9940;5078
9941;5143
9942;5121
9943;5117
9944;5068
9945;5133
9946;5086
9947;5042
9948;5077
9949;5113
9950;4999
9951;5119
9952;5091
9953;5093
9954;5078
9955;5149
9956;5118
9957;5105
9958;5125
9959;5142
9960;5028
9961;5127
9962;5123
9963;5013
9964;5122
9965;5079
9966;5074
9967;5057
9968;5125
9969;5099
9970;5085
9971;5134
9972;5145
9973;5048
9974;5137
9975;5119
9976;5070
9977;5085
9978;5125
9979;5054
9980;5073
9981;5071
9982;5127
9983;5005
9984;5137
9985;5094
9986;5094
9987;5120
9988;5158
9989;5075
9990;5127
9991;5112
9992;5105
9993;5053
9994;5119
9995;5097
9996;5039
9997;5090
9998;5115
9999;5027
10000;5161
10001;51023146
