count;dtCon
1;6312
2;5138
3;5008
4;5166
5;5085
6;5085
7;5058
8;5170
9;5055
10;5050
11;5062
12;5095
13;4975
14;5081
15;5063
16;5025
17;5065
18;5139
19;5058
20;5095
21;5093
22;5128
23;5040
24;5084
25;5104
26;4988
27;5091
28;5062
29;5031
30;5022
31;5083
32;5042
33;5034
34;5090
35;5102
36;5015
37;5125
38;5090
39;5055
40;5066
41;5101
42;5032
43;5060
44;5056
45;5091
46;4978
47;5094
48;5059
49;5015
50;5088
51;5116
52;5056
53;5099
54;5089
55;5120
56;5162
57;5114
58;5063
59;5013
60;5053
61;5092
62;4994
63;5064
64;5054
65;5052
66;5029
67;5122
68;5102
69;5065
70;5097
71;5124
72;5004
73;5110
74;5069
75;5049
76;5037
77;5085
78;5043
79;5021
80;5055
81;5082
82;4994
83;5115
84;5089
85;5078
86;5083
87;5126
88;5054
89;5063
90;5097
91;5063
92;5001
93;5051
94;5085
95;4969
96;5084
97;5061
98;5068
99;5055
100;5129
101;5096
102;5055
103;5099
104;5099
105;5004
106;5089
107;5067
108;5035
109;5043
110;5089
111;5026
112;5051
113;5059
114;5102
115;4999
116;5111
117;5097
118;5056
119;5099
120;5114
121;5035
122;5082
123;5060
124;5093
125;4991
126;5089
127;5047
128;4995
129;5055
130;5087
131;5030
132;5087
133;5096
134;5115
135;5050
136;5119
137;5078
138;5053
139;5064
140;5097
141;4982
142;5088
143;5049
144;5048
145;5024
146;5089
147;5073
148;5050
149;5106
150;5139
151;5024
152;5126
153;5076
154;5053
155;5047
156;5094
157;5036
158;5027
159;5071
160;5048
161;5008
162;5065
163;5104
164;5028
165;5104
166;5108
167;5088
168;5059
169;5116
170;5078
171;5025
172;5070
173;5093
174;4979
175;5085
176;5047
177;5032
178;5040
179;5111
180;5069
181;5070
182;5096
183;5118
184;5018
185;5099
186;5080
187;5033
188;5057
189;5084
190;5016
191;5057
192;5045
193;5079
194;4980
195;5089
196;5084
197;5031
198;5105
199;5125
200;5053
201;5113
202;5088
203;5092
204;4999
205;5089
206;5046
207;5006
208;5047
209;5090
210;5005
211;5085
212;5084
213;5094
214;5056
215;5124
216;5101
217;5043
218;5079
219;5097
220;4989
221;5108
222;5043
223;5050
224;5022
225;5080
226;5049
227;5028
228;5079
229;5104
230;5035
231;5098
232;5110
233;5049
234;5090
235;5074
236;5065
237;5024
238;5083
239;5060
240;4992
241;5046
242;5081
243;4989
244;5104
245;5086
246;5098
247;5065
248;5122
249;5083
250;5036
251;5072
252;5114
253;4993
254;5093
255;5053
256;5032
257;5038
258;5113
259;5036
260;5065
261;5086
262;5122
263;5020
264;5126
265;5088
266;5037
267;5084
268;5094
269;5027
270;5073
271;5055
272;5084
273;4979
274;5091
275;5064
276;5028
277;5105
278;5125
279;5059
280;5116
281;5102
282;5096
283;5037
284;5098
285;5067
286;5012
287;5054
288;5086
289;4978
290;5079
291;5067
292;5078
293;5054
294;5127
295;5095
296;5057
297;5132
298;5078
299;5030
300;5072
301;5088
302;5015
303;5093
304;5070
305;5061
306;5006
307;5083
308;5079
309;5017
310;5083
311;5166
312;5034
313;5131
314;5082
315;5072
316;5040
317;5088
318;5063
319;5010
320;5065
321;5090
322;4970
323;5096
324;5060
325;5072
326;5062
327;5145
328;5078
329;5083
330;5089
331;5100
332;4992
333;5090
334;5069
335;5034
336;5052
337;5094
338;5026
339;5059
340;5071
341;5110
342;5026
343;5151
344;5096
345;5055
346;5090
347;5115
348;5029
349;5085
350;5075
351;5071
352;4999
353;5099
354;5052
355;5024
356;5054
357;5118
358;5025
359;5124
360;5102
361;5086
362;5086
363;5082
364;5096
365;4995
366;5092
367;5057
368;5005
369;5065
370;5086
371;5018
372;5064
373;5084
374;5092
375;5046
376;5126
377;5102
378;5035
379;5074
380;5111
381;5002
382;5091
383;5058
384;5059
385;5030
386;5079
387;5061
388;5019
389;5070
390;5115
391;5013
392;5139
393;5092
394;5090
395;5053
396;5115
397;5055
398;5038
399;5074
400;5089
401;4969
402;5075
403;5059
404;5038
405;5069
406;5137
407;5063
408;5094
409;5093
410;5128
411;5008
412;5107
413;5074
414;5023
415;5067
416;5091
417;5015
418;5062
419;5060
420;5078
421;5014
422;5126
423;5090
424;5051
425;5092
426;5125
427;5026
428;5106
429;5099
430;5032
431;5052
432;5061
433;5082
434;4981
435;5089
436;5062
437;5024
438;5085
439;5119
440;5060
441;5090
442;5089
443;5109
444;5022
445;5104
446;5060
447;5015
448;5065
449;5097
450;4995
451;5075
452;5062
453;5067
454;5037
455;5115
456;5099
457;5069
458;5111
459;5113
460;5006
461;5118
462;5074
463;5056
464;5030
465;5093
466;5041
467;5019
468;5061
469;5095
470;5001
471;5123
472;5099
473;5076
474;5081
475;5126
476;5053
477;5065
478;5066
479;5097
480;4984
481;5078
482;5058
483;5019
484;5053
485;5097
486;5042
487;5088
488;5103
489;5135
490;5038
491;5127
492;5083
493;5028
494;5070
495;5096
496;5028
497;5047
498;5084
499;5025
500;5069
501;5075
502;5113
503;5015
504;5130
505;5100
506;5055
507;5093
508;5120
509;5038
510;5067
511;5067
512;5078
513;4988
514;5092
515;5054
516;5009
517;5059
518;5122
519;5030
520;5105
521;5104
522;5099
523;5057
524;5111
525;5081
526;5029
527;5064
528;5107
529;4983
530;5100
531;5046
532;5065
533;5027
534;5115
535;5082
536;5053
537;5113
538;5124
539;5024
540;5133
541;5090
542;5054
543;5058
544;5094
545;5028
546;5042
547;5055
548;5085
549;4974
550;5105
551;5089
552;5053
553;5100
554;5131
555;5060
556;5079
557;5082
558;5100
559;4998
560;5119
561;5098
562;4983
563;5075
564;5054
565;5031
566;5052
567;5116
568;5069
569;5082
570;5106
571;5124
572;5011
573;5122
574;5077
575;5021
576;5063
577;5076
578;5029
579;5048
580;5052
581;5089
582;4998
583;5120
584;5077
585;5061
586;5097
587;5131
588;5038
589;5090
590;5083
591;5074
592;5032
593;5087
594;5060
595;5016
596;5046
597;5115
598;4989
599;5116
600;5089
601;5103
602;5063
603;5126
604;5096
605;5049
606;5088
607;5105
608;4987
609;5091
610;5060
611;5047
612;5038
613;5095
614;5037
615;5065
616;5085
617;5125
618;5017
619;5133
620;5094
621;5040
622;5085
623;5094
624;5033
625;5060
626;5044
627;5083
628;5010
629;5066
630;5087
631;5003
632;5108
633;5094
634;5078
635;5074
636;5132
637;5065
638;5056
639;5067
640;5100
641;4980
642;5088
643;5065
644;5011
645;5065
646;5096
647;5049
648;5081
649;5092
650;5126
651;5018
652;5142
653;5078
654;5051
655;5074
656;5100
657;5014
658;5067
659;5051
660;5062
661;5015
662;5118
663;5084
664;5047
665;5082
666;5136
667;5027
668;5121
669;5084
670;5072
671;5050
672;5092
673;5062
674;5027
675;5067
676;5092
677;4968
678;5088
679;5060
680;5060
681;5057
682;5131
683;5078
684;5085
685;5097
686;5116
687;4998
688;5094
689;5071
690;5016
691;5061
692;5091
693;5023
694;5053
695;5093
696;5074
697;5045
698;5105
699;5120
700;5033
701;5117
702;5082
703;5047
704;5041
705;5089
706;5042
707;5042
708;5058
709;5071
710;4979
711;5079
712;5084
713;5071
714;5093
715;5134
716;5073
717;5094
718;5075
719;5121
720;4989
721;5106
722;5060
723;5009
724;5059
725;5083
726;5016
727;5063
728;5091
729;5110
730;5043
731;5150
732;5107
733;5059
734;5081
735;5105
736;5003
737;5091
738;5068
739;5060
740;5020
741;5082
742;5065
743;5025
744;5075
745;5109
746;5014
747;5132
748;5093
749;5094
750;5051
751;5114
752;5057
753;5047
754;5073
755;5085
756;4981
757;5078
758;5063
759;5027
760;5091
761;5091
762;5077
763;5073
764;5150
765;5100
766;5051
767;5087
768;5093
769;4993
770;5088
771;5056
772;5038
773;5021
774;5087
775;5050
776;5048
777;5079
778;5122
779;5018
780;5129
781;5103
782;5058
783;5069
784;5111
785;5034
786;5063
787;5058
788;5087
789;4985
790;5094
791;5061
792;5020
793;5093
794;5114
795;5062
796;5099
797;5100
798;5114
799;5019
800;5109
801;5066
802;5023
803;5048
804;5099
805;4994
806;5069
807;5066
808;5078
809;5038
810;5128
811;5108
812;5056
813;5105
814;5118
815;5008
816;5129
817;5064
818;5051
819;5033
820;5098
821;5044
822;5035
823;5070
824;5090
825;5011
826;5110
827;5121
828;5038
829;5105
830;5091
831;5081
832;5044
833;5094
834;5074
835;5004
836;5056
837;5083
838;4977
839;5090
840;5051
841;5070
842;5058
843;5146
844;5094
845;5071
846;5091
847;5117
848;4996
849;5099
850;5075
851;5029
852;5058
853;5088
854;5024
855;5064
856;5068
857;5113
858;5013
859;5133
860;5111
861;5072
862;5102
863;5106
864;5044
865;5085
866;5069
867;5105
868;5001
869;5089
870;5043
871;5011
872;5057
873;5126
874;5028
875;5105
876;5113
877;5107
878;5053
879;5116
880;5083
881;5021
882;5075
883;5092
884;4983
885;5094
886;5043
887;5051
888;5029
889;5106
890;5075
891;5057
892;5128
893;5091
894;5051
895;5088
896;5108
897;5011
898;5084
899;5068
900;5058
901;5017
902;5073
903;5058
904;5005
905;5061
906;5112
907;5014
908;5122
909;5095
910;5102
911;5057
912;5120
913;5067
914;5029
915;5072
916;5091
917;4984
918;5097
919;5068
920;5034
921;5057
922;5136
923;5064
924;5101
925;5099
926;5140
927;5016
928;5122
929;5111
930;5048
931;5071
932;5092
933;5018
934;5090
935;5057
936;5115
937;5021
938;5116
939;5086
940;5077
941;5113
942;5127
943;5035
944;5118
945;5088
946;5068
947;5029
948;5128
949;5050
950;5017
951;5056
952;5105
953;4989
954;5107
955;5124
956;5053
957;5098
958;5089
959;5110
960;5028
961;5109
962;5075
963;5018
964;5065
965;5083
966;5000
967;5073
968;5069
969;5090
970;5039
971;5123
972;5089
973;5068
974;5089
975;5136
976;5006
977;5116
978;5069
979;5054
980;5038
981;5087
982;5048
983;5023
984;5059
985;5113
986;4992
987;5133
988;5094
989;5077
990;5091
991;5133
992;5082
993;5074
994;5075
995;5092
996;4997
997;5091
998;5059
999;5022
1000;5047
1001;5108
1002;5033
1003;5093
1004;5093
1005;5129
1006;5046
1007;5136
1008;5088
1009;5029
1010;5076
1011;5092
1012;5009
1013;5081
1014;5062
1015;5055
1016;5023
1017;5099
1018;5092
1019;5013
1020;5141
1021;5104
1022;5071
1023;5095
1024;5120
1025;5030
1026;5090
1027;5078
1028;5083
1029;5017
1030;5082
1031;5058
1032;4987
1033;5067
1034;5100
1035;5013
1036;5121
1037;5091
1038;5101
1039;5052
1040;5135
1041;5077
1042;5047
1043;5069
1044;5099
1045;4987
1046;5088
1047;5063
1048;5042
1049;5048
1050;5097
1051;5068
1052;5088
1053;5093
1054;5142
1055;5015
1056;5126
1057;5078
1058;5045
1059;5071
1060;5102
1061;5037
1062;5057
1063;5066
1064;5086
1065;4987
1066;5103
1067;5081
1068;5049
1069;5089
1070;5134
1071;5053
1072;5128
1073;5094
1074;5102
1075;5026
1076;5091
1077;5077
1078;5000
1079;5056
1080;5088
1081;4996
1082;5069
1083;5107
1084;5068
1085;5097
1086;5110
1087;5117
1088;5028
1089;5111
1090;5084
1091;5020
1092;5068
1093;5093
1094;5039
1095;5093
1096;5056
1097;5078
1098;5016
1099;5123
1100;5143
1101;5048
1102;5109
1103;5137
1104;5026
1105;5123
1106;5083
1107;5075
1108;5028
1109;5095
1110;5059
1111;5026
1112;5064
1113;5086
1114;4987
1115;5129
1116;5103
1117;5076
1118;5108
1119;5145
1120;5079
1121;5077
1122;5076
1123;5126
1124;4986
1125;5102
1126;5050
1127;5019
1128;5061
1129;5082
1130;5029
1131;5067
1132;5090
1133;5117
1134;5037
1135;5125
1136;5106
1137;5048
1138;5072
1139;5097
1140;5012
1141;5086
1142;5091
1143;5038
1144;5036
1145;5061
1146;5095
1147;4987
1148;5123
1149;5101
1150;5060
1151;5109
1152;5126
1153;5063
1154;5070
1155;5080
1156;5081
1157;5004
1158;5083
1159;5046
1160;5004
1161;5058
1162;5106
1163;5014
1164;5103
1165;5100
1166;5122
1167;5054
1168;5135
1169;5101
1170;5028
1171;5072
1172;5087
1173;4999
1174;5115
1175;5050
1176;5061
1177;5031
1178;5110
1179;5068
1180;5045
1181;5091
1182;5126
1183;5020
1184;5122
1185;5099
1186;5059
1187;5067
1188;5103
1189;5040
1190;5046
1191;5051
1192;5098
1193;4963
1194;5102
1195;5073
1196;5038
1197;5094
1198;5133
1199;5066
1200;5105
1201;5095
1202;5099
1203;5024
1204;5115
1205;5068
1206;5012
1207;5089
1208;5065
1209;5030
1210;5055
1211;5099
1212;5063
1213;5071
1214;5103
1215;5127
1216;5019
1217;5130
1218;5085
1219;5044
1220;5071
1221;5089
1222;5026
1223;5042
1224;5064
1225;5089
1226;4999
1227;5096
1228;5072
1229;5035
1230;5088
1231;5144
1232;5039
1233;5118
1234;5097
1235;5090
1236;5029
1237;5087
1238;5072
1239;5001
1240;5071
1241;5085
1242;4989
1243;5111
1244;5081
1245;5091
1246;5054
1247;5139
1248;5095
1249;5072
1250;5083
1251;5110
1252;4993
1253;5097
1254;5062
1255;5041
1256;5037
1257;5100
1258;5030
1259;5042
1260;5073
1261;5132
1262;5017
1263;5139
1264;5099
1265;5063
1266;5085
1267;5099
1268;5040
1269;5059
1270;5068
1271;5082
1272;5020
1273;5056
1274;5076
1275;4981
1276;5111
1277;5090
1278;5066
1279;5097
1280;5128
1281;5081
1282;5076
1283;5081
1284;5106
1285;4982
1286;5095
1287;5058
1288;5065
1289;5059
1290;5082
1291;5023
1292;5058
1293;5090
1294;5115
1295;5029
1296;5137
1297;5094
1298;5060
1299;5076
1300;5121
1301;5013
1302;5083
1303;5063
1304;5062
1305;5011
1306;5078
1307;5067
1308;5015
1309;5095
1310;5137
1311;5034
1312;5140
1313;5100
1314;5089
1315;5044
1316;5112
1317;5061
1318;5035
1319;5064
1320;5089
1321;4974
1322;5087
1323;5065
1324;5047
1325;5069
1326;5128
1327;5079
1328;5112
1329;5099
1330;5126
1331;5005
1332;5114
1333;5063
1334;5037
1335;5061
1336;5082
1337;5054
1338;5019
1339;5093
1340;5067
1341;5040
1342;5093
1343;5123
1344;5038
1345;5115
1346;5091
1347;5050
1348;5071
1349;5098
1350;5044
1351;5041
1352;5053
1353;5093
1354;4969
1355;5097
1356;5065
1357;5036
1358;5088
1359;5125
1360;5074
1361;5098
1362;5107
1363;5109
1364;5023
1365;5104
1366;5066
1367;5029
1368;5060
1369;5099
1370;4999
1371;5093
1372;5067
1373;5090
1374;5047
1375;5133
1376;5111
1377;5062
1378;5098
1379;5144
1380;5016
1381;5117
1382;5070
1383;5055
1384;5024
1385;5097
1386;5052
1387;5012
1388;5065
1389;5101
1390;5013
1391;5120
1392;5103
1393;5076
1394;5088
1395;5123
1396;5060
1397;5066
1398;5064
1399;5101
1400;4998
1401;5064
1402;5078
1403;4989
1404;5089
1405;5070
1406;5073
1407;5072
1408;5138
1409;5092
1410;5065
1411;5089
1412;5111
1413;5005
1414;5087
1415;5071
1416;5026
1417;5041
1418;5081
1419;5031
1420;5049
1421;5071
1422;5122
1423;5004
1424;5130
1425;5104
1426;5062
1427;5093
1428;5113
1429;5041
1430;5095
1431;5077
1432;5090
1433;4992
1434;5104
1435;5169
1436;5182
1437;5073
1438;5125
1439;5025
1440;5120
1441;5099
1442;5117
1443;5056
1444;5110
1445;5071
1446;5029
1447;5086
1448;5103
1449;4984
1450;5088
1451;5057
1452;5049
1453;5029
1454;5122
1455;5078
1456;5077
1457;5103
1458;5130
1459;5027
1460;5114
1461;5116
1462;5012
1463;5094
1464;5066
1465;5057
1466;5022
1467;5083
1468;5065
1469;5015
1470;5088
1471;5113
1472;5032
1473;5134
1474;5099
1475;5077
1476;5063
1477;5113
1478;5051
1479;5063
1480;5059
1481;5113
1482;4973
1483;5073
1484;5063
1485;5023
1486;5078
1487;5119
1488;5077
1489;5089
1490;5093
1491;5138
1492;5009
1493;5115
1494;5081
1495;5018
1496;5062
1497;5088
1498;5021
1499;5057
1500;5066
1501;5094
1502;5022
1503;5133
1504;5107
1505;5059
1506;5107
1507;5132
1508;5019
1509;5112
1510;5071
1511;5065
1512;5030
1513;5105
1514;5060
1515;5004
1516;5066
1517;5085
1518;5004
1519;5122
1520;5094
1521;5082
1522;5068
1523;5134
1524;5099
1525;5041
1526;5099
1527;5075
1528;5008
1529;5056
1530;5091
1531;4997
1532;5088
1533;5073
1534;5081
1535;5046
1536;5111
1537;5102
1538;5047
1539;5107
1540;5119
1541;5005
1542;5111
1543;5061
1544;5042
1545;5026
1546;5107
1547;5033
1548;5031
1549;5062
1550;5101
1551;4999
1552;5115
1553;5103
1554;5062
1555;5097
1556;5122
1557;5048
1558;5074
1559;5064
1560;5097
1561;4986
1562;5098
1563;5051
1564;5026
1565;5061
1566;5098
1567;5047
1568;5083
1569;5112
1570;5135
1571;5033
1572;5120
1573;5086
1574;5026
1575;5062
1576;5103
1577;5002
1578;5082
1579;5056
1580;5058
1581;5014
1582;5091
1583;5093
1584;5048
1585;5111
1586;5142
1587;5022
1588;5126
1589;5113
1590;5034
1591;5075
1592;5071
1593;5079
1594;5008
1595;5091
1596;5063
1597;5000
1598;5060
1599;5106
1600;5026
1601;5115
1602;5100
1603;5108
1604;5055
1605;5113
1606;5079
1607;5018
1608;5075
1609;5095
1610;4976
1611;5079
1612;5051
1613;5060
1614;5032
1615;5117
1616;5074
1617;5068
1618;5109
1619;5116
1620;5021
1621;5111
1622;5083
1623;5040
1624;5058
1625;5112
1626;5034
1627;5050
1628;5050
1629;5092
1630;4981
1631;5106
1632;5096
1633;5055
1634;5112
1635;5148
1636;5063
1637;5096
1638;5086
1639;5088
1640;5015
1641;5093
1642;5055
1643;5004
1644;5041
1645;5087
1646;4996
1647;5086
1648;5076
1649;5096
1650;5058
1651;5121
1652;5102
1653;5046
1654;5084
1655;5102
1656;5021
1657;5069
1658;5090
1659;5023
1660;5044
1661;5066
1662;5079
1663;5008
1664;5114
1665;5094
1666;5056
1667;5098
1668;5122
1669;5033
1670;5110
1671;5075
1672;5073
1673;5026
1674;5081
1675;5067
1676;4996
1677;5059
1678;5086
1679;4992
1680;5113
1681;5080
1682;5100
1683;5072
1684;5135
1685;5075
1686;5072
1687;5078
1688;5106
1689;4994
1690;5093
1691;5061
1692;5041
1693;5042
1694;5099
1695;5035
1696;5072
1697;5090
1698;5136
1699;5026
1700;5133
1701;5096
1702;5037
1703;5085
1704;5102
1705;5030
1706;5065
1707;5062
1708;5076
1709;4999
1710;5099
1711;5062
1712;5028
1713;5087
1714;5136
1715;5046
1716;5113
1717;5090
1718;5089
1719;5040
1720;5092
1721;5099
1722;4986
1723;5089
1724;5060
1725;5004
1726;5060
1727;5100
1728;5043
1729;5080
1730;5090
1731;5130
1732;5036
1733;5132
1734;5077
1735;5034
1736;5070
1737;5125
1738;5007
1739;5080
1740;5062
1741;5055
1742;5009
1743;5083
1744;5080
1745;5040
1746;5094
1747;5136
1748;5028
1749;5140
1750;5081
1751;5077
1752;5043
1753;5106
1754;5051
1755;5032
1756;5058
1757;5077
1758;4975
1759;5090
1760;5074
1761;5067
1762;5082
1763;5136
1764;5072
1765;5091
1766;5080
1767;5123
1768;4998
1769;5093
1770;5072
1771;5019
1772;5057
1773;5080
1774;5019
1775;5057
1776;5073
1777;5116
1778;5029
1779;5143
1780;5097
1781;5050
1782;5093
1783;5128
1784;5025
1785;5090
1786;5097
1787;5031
1788;5053
1789;5062
1790;5091
1791;4986
1792;5096
1793;5089
1794;5050
1795;5103
1796;5121
1797;5058
1798;5077
1799;5081
1800;5089
1801;5002
1802;5087
1803;5057
1804;5010
1805;5051
1806;5101
1807;5007
1808;5080
1809;5085
1810;5084
1811;5060
1812;5123
1813;5104
1814;5045
1815;5074
1816;5132
1817;4998
1818;5108
1819;5064
1820;5054
1821;5031
1822;5093
1823;5066
1824;5023
1825;5093
1826;5115
1827;5025
1828;5135
1829;5096
1830;5077
1831;5067
1832;5117
1833;5059
1834;5058
1835;5059
1836;5098
1837;4973
1838;5075
1839;5062
1840;5043
1841;5082
1842;5112
1843;5060
1844;5103
1845;5104
1846;5133
1847;5022
1848;5112
1849;5106
1850;4995
1851;5086
1852;5063
1853;5025
1854;5043
1855;5093
1856;5038
1857;5065
1858;5089
1859;5127
1860;5020
1861;5138
1862;5097
1863;5049
1864;5088
1865;5091
1866;5046
1867;5061
1868;5057
1869;5074
1870;4996
1871;5101
1872;5057
1873;5045
1874;5081
1875;5128
1876;5039
1877;5112
1878;5098
1879;5090
1880;5041
1881;5097
1882;5072
1883;5016
1884;5068
1885;5105
1886;4979
1887;5096
1888;5073
1889;5070
1890;5053
1891;5137
1892;5099
1893;5054
1894;5114
1895;5134
1896;5018
1897;5110
1898;5077
1899;5041
1900;5044
1901;5089
1902;5028
1903;5051
1904;5065
1905;5106
1906;5003
1907;5131
1908;5097
1909;5057
1910;5101
1911;5118
1912;5048
1913;5087
1914;5119
1915;5062
1916;5029
1917;5072
1918;5087
1919;4980
1920;5087
1921;5085
1922;5050
1923;5088
1924;5129
1925;5067
1926;5082
1927;5089
1928;5118
1929;5008
1930;5099
1931;5066
1932;5011
1933;5067
1934;5081
1935;5019
1936;5063
1937;5068
1938;5107
1939;5022
1940;5149
1941;5102
1942;5075
1943;5094
1944;5118
1945;5091
1946;5100
1947;5069
1948;5061
1949;5037
1950;5087
1951;5061
1952;5022
1953;5074
1954;5110
1955;5011
1956;5127
1957;5089
1958;5092
1959;5064
1960;5118
1961;5066
1962;5043
1963;5072
1964;5096
1965;4986
1966;5088
1967;5060
1968;5032
1969;5041
1970;5116
1971;5052
1972;5094
1973;5097
1974;5136
1975;5027
1976;5119
1977;5111
1978;4999
1979;5097
1980;5061
1981;5051
1982;5039
1983;5085
1984;5053
1985;5042
1986;5079
1987;5114
1988;5023
1989;5139
1990;5109
1991;5066
1992;5080
1993;5130
1994;5042
1995;5063
1996;5061
1997;5098
1998;4987
1999;5093
2000;5059
2001;5011
2002;5080
2003;5112
2004;5052
2005;5098
2006;5094
2007;5136
2008;5026
2009;5118
2010;5073
2011;5023
2012;5064
2013;5090
2014;5001
2015;5074
2016;5069
2017;5060
2018;5046
2019;5118
2020;5102
2021;5053
2022;5106
2023;5141
2024;5021
2025;5123
2026;5066
2027;5055
2028;5046
2029;5097
2030;5051
2031;5036
2032;5060
2033;5102
2034;4981
2035;5111
2036;5088
2037;5072
2038;5088
2039;5131
2040;5084
2041;5052
2042;5099
2043;5077
2044;5047
2045;5059
2046;5088
2047;4975
2048;5091
2049;5062
2050;5062
2051;5056
2052;5120
2053;5091
2054;5074
2055;5114
2056;5112
2057;5009
2058;5107
2059;5085
2060;5032
2061;5059
2062;5096
2063;5021
2064;5061
2065;5052
2066;5101
2067;5008
2068;5120
2069;5108
2070;5053
2071;5109
2072;5124
2073;5046
2074;5082
2075;5070
2076;5095
2077;5009
2078;5096
2079;5053
2080;5015
2081;5057
2082;5106
2083;5019
2084;5115
2085;5106
2086;5109
2087;5062
2088;5123
2089;5089
2090;5042
2091;5082
2092;5102
2093;4983
2094;5102
2095;5062
2096;5067
2097;5040
2098;5100
2099;5062
2100;5054
2101;5102
2102;5123
2103;5033
2104;5130
2105;5117
2106;5017
2107;5096
2108;5076
2109;5065
2110;5033
2111;5091
2112;5064
2113;5011
2114;5071
2115;5105
2116;5009
2117;5129
2118;5100
2119;5079
2120;5077
2121;5130
2122;5063
2123;5043
2124;5071
2125;5085
2126;4977
2127;5084
2128;5051
2129;5024
2130;5052
2131;5117
2132;5040
2133;5097
2134;5100
2135;5127
2136;5037
2137;5122
2138;5086
2139;5024
2140;5082
2141;5094
2142;5019
2143;5076
2144;5053
2145;5079
2146;5000
2147;5127
2148;5093
2149;5053
2150;5090
2151;5137
2152;5031
2153;5124
2154;5089
2155;5077
2156;5039
2157;5096
2158;5071
2159;5021
2160;5053
2161;5087
2162;4975
2163;5105
2164;5089
2165;5073
2166;5085
2167;5124
2168;5109
2169;5051
2170;5121
2171;5079
2172;5032
2173;5065
2174;5084
2175;4999
2176;5082
2177;5058
2178;5055
2179;5041
2180;5097
2181;5089
2182;5060
2183;5097
2184;5134
2185;5008
2186;5113
2187;5069
2188;5068
2189;5044
2190;5100
2191;5042
2192;5025
2193;5061
2194;5082
2195;4992
2196;5111
2197;5101
2198;5078
2199;5092
2200;5144
2201;5055
2202;5093
2203;5078
2204;5099
2205;5016
2206;5091
2207;5067
2208;5009
2209;5066
2210;5097
2211;5026
2212;5096
2213;5089
2214;5111
2215;5049
2216;5135
2217;5086
2218;5045
2219;5097
2220;5107
2221;5006
2222;5090
2223;5063
2224;5048
2225;5026
2226;5086
2227;5076
2228;5034
2229;5079
2230;5129
2231;5012
2232;5135
2233;5131
2234;5058
2235;5091
2236;5086
2237;5088
2238;5023
2239;5091
2240;5056
2241;5005
2242;5059
2243;5096
2244;5013
2245;5109
2246;5106
2247;5084
2248;5078
2249;5136
2250;5092
2251;5051
2252;5071
2253;5092
2254;4983
2255;5106
2256;5056
2257;5042
2258;5044
2259;5092
2260;5057
2261;5059
2262;5106
2263;5123
2264;5023
2265;5122
2266;5094
2267;5057
2268;5069
2269;5103
2270;5028
2271;5060
2272;5055
2273;5090
2274;4997
2275;5093
2276;5077
2277;5026
2278;5099
2279;5144
2280;5061
2281;5120
2282;5088
2283;5096
2284;5022
2285;5112
2286;5064
2287;5023
2288;5061
2289;5092
2290;4994
2291;5090
2292;5079
2293;5068
2294;5057
2295;5120
2296;5124
2297;5036
2298;5114
2299;5089
2300;5046
2301;5086
2302;5091
2303;5011
2304;5062
2305;5061
2306;5064
2307;5004
2308;5102
2309;5078
2310;5037
2311;5102
2312;5147
2313;5036
2314;5125
2315;5090
2316;5065
2317;5040
2318;5092
2319;5064
2320;5027
2321;5048
2322;5108
2323;4974
2324;5108
2325;5077
2326;5069
2327;5084
2328;5136
2329;5082
2330;5072
2331;5088
2332;5099
2333;4995
2334;5099
2335;5066
2336;5025
2337;5053
2338;5105
2339;5014
2340;5071
2341;5078
2342;5123
2343;5028
2344;5126
2345;5109
2346;5053
2347;5085
2348;5104
2349;5028
2350;5084
2351;5070
2352;5092
2353;5014
2354;5091
2355;5050
2356;5030
2357;5075
2358;5126
2359;5032
2360;5102
2361;5130
2362;5059
2363;5097
2364;5085
2365;5097
2366;5012
2367;5103
2368;5069
2369;5004
2370;5072
2371;5076
2372;5017
2373;5088
2374;5090
2375;5109
2376;5046
2377;5138
2378;5093
2379;5065
2380;5085
2381;5109
2382;5002
2383;5096
2384;5062
2385;5041
2386;5026
2387;5079
2388;5068
2389;5030
2390;5082
2391;5141
2392;5016
2393;5142
2394;5090
2395;5070
2396;5064
2397;5108
2398;5056
2399;5040
2400;5070
2401;5094
2402;4977
2403;5125
2404;5063
2405;5041
2406;5089
2407;5137
2408;5056
2409;5113
2410;5098
2411;5117
2412;5023
2413;5104
2414;5070
2415;5009
2416;5069
2417;5080
2418;5003
2419;5072
2420;5049
2421;5110
2422;5034
2423;5128
2424;5121
2425;5051
2426;5127
2427;5101
2428;5070
2429;5078
2430;5095
2431;5045
2432;5086
2433;5069
2434;5076
2435;4994
2436;5110
2437;5070
2438;5036
2439;5089
2440;5131
2441;5048
2442;5116
2443;5104
2444;5088
2445;5046
2446;5103
2447;5073
2448;5020
2449;5051
2450;5107
2451;4979
2452;5095
2453;5059
2454;5087
2455;5063
2456;5127
2457;5098
2458;5072
2459;5104
2460;5109
2461;5008
2462;5103
2463;5076
2464;5044
2465;5045
2466;5091
2467;5024
2468;5049
2469;5063
2470;5119
2471;5015
2472;5128
2473;5116
2474;5059
2475;5103
2476;5125
2477;5039
2478;5073
2479;5069
2480;5086
2481;5007
2482;5093
2483;5052
2484;5020
2485;5107
2486;5126
2487;5057
2488;5077
2489;5142
2490;5071
2491;5099
2492;5100
2493;5112
2494;5006
2495;5099
2496;5073
2497;5008
2498;5063
2499;5087
2500;5019
2501;5067
2502;5077
2503;5108
2504;5033
2505;5162
2506;5107
2507;5065
2508;5095
2509;5107
2510;5014
2511;5081
2512;5070
2513;5059
2514;5025
2515;5084
2516;5046
2517;5029
2518;5074
2519;5109
2520;5019
2521;5125
2522;5117
2523;5079
2524;5073
2525;5103
2526;5065
2527;5046
2528;5060
2529;5091
2530;4974
2531;5096
2532;5058
2533;5042
2534;5068
2535;5119
2536;5072
2537;5092
2538;5107
2539;5133
2540;5033
2541;5116
2542;5082
2543;5025
2544;5068
2545;5103
2546;5003
2547;5068
2548;5086
2549;5052
2550;5029
2551;5083
2552;5112
2553;5028
2554;5130
2555;5096
2556;5077
2557;5085
2558;5109
2559;5053
2560;5053
2561;5065
2562;5076
2563;4992
2564;5081
2565;5070
2566;5024
2567;5075
2568;5125
2569;5045
2570;5126
2571;5091
2572;5128
2573;5029
2574;5122
2575;5085
2576;5010
2577;5075
2578;5089
2579;5006
2580;5085
2581;5068
2582;5094
2583;5048
2584;5131
2585;5097
2586;5099
2587;5139
2588;5139
2589;5015
2590;5103
2591;5084
2592;5052
2593;5056
2594;5109
2595;5041
2596;5050
2597;5063
2598;5107
2599;4996
2600;5129
2601;5107
2602;5083
2603;5110
2604;5114
2605;5061
2606;5076
2607;5125
2608;5066
2609;5040
2610;5070
2611;5097
2612;4990
2613;5096
2614;5080
2615;5052
2616;5086
2617;5122
2618;5086
2619;5091
2620;5102
2621;5123
2622;5015
2623;5130
2624;5078
2625;5044
2626;5069
2627;5100
2628;5026
2629;5056
2630;5071
2631;5094
2632;5040
2633;5136
2634;5102
2635;5075
2636;5093
2637;5134
2638;5024
2639;5113
2640;5082
2641;5075
2642;5027
2643;5093
2644;5068
2645;5004
2646;5075
2647;5108
2648;5018
2649;5133
2650;5113
2651;5105
2652;5076
2653;5144
2654;5067
2655;5063
2656;5074
2657;5105
2658;4988
2659;5111
2660;5067
2661;5033
2662;5064
2663;5116
2664;5065
2665;5092
2666;5138
2667;5116
2668;5067
2669;5100
2670;5112
2671;5010
2672;5094
2673;5089
2674;5043
2675;5035
2676;5093
2677;5040
2678;5043
2679;5076
2680;5134
2681;5012
2682;5137
2683;5106
2684;5060
2685;5099
2686;5116
2687;5053
2688;5068
2689;5070
2690;5113
2691;4989
2692;5113
2693;5068
2694;5029
2695;5076
2696;5126
2697;5044
2698;5119
2699;5113
2700;5110
2701;5055
2702;5116
2703;5089
2704;5039
2705;5084
2706;5103
2707;5000
2708;5092
2709;5061
2710;5076
2711;5036
2712;5122
2713;5088
2714;5079
2715;5113
2716;5128
2717;5028
2718;5120
2719;5090
2720;5051
2721;5069
2722;5104
2723;5043
2724;5058
2725;5098
2726;5066
2727;5011
2728;5092
2729;5129
2730;5039
2731;5142
2732;5102
2733;5092
2734;5062
2735;5120
2736;5071
2737;5053
2738;5070
2739;5089
2740;4996
2741;5085
2742;5071
2743;5034
2744;5078
2745;5126
2746;5079
2747;5099
2748;5105
2749;5143
2750;5021
2751;5129
2752;5088
2753;5028
2754;5079
2755;5094
2756;5035
2757;5068
2758;5071
2759;5099
2760;5020
2761;5142
2762;5100
2763;5064
2764;5098
2765;5139
2766;5030
2767;5117
2768;5080
2769;5068
2770;5035
2771;5099
2772;5059
2773;5018
2774;5068
2775;5106
2776;5008
2777;5120
2778;5095
2779;5097
2780;5086
2781;5132
2782;5070
2783;5073
2784;5106
2785;5085
2786;5019
2787;5073
2788;5105
2789;4986
2790;5093
2791;5081
2792;5074
2793;5070
2794;5122
2795;5107
2796;5069
2797;5116
2798;5125
2799;5012
2800;5108
2801;5066
2802;5048
2803;5044
2804;5111
2805;5039
2806;5046
2807;5067
2808;5113
2809;5019
2810;5131
2811;5118
2812;5081
2813;5113
2814;5130
2815;5051
2816;5101
2817;5081
2818;5107
2819;5005
2820;5104
2821;5056
2822;5017
2823;5077
2824;5124
2825;5039
2826;5117
2827;5108
2828;5112
2829;5072
2830;5135
2831;5088
2832;5038
2833;5066
2834;5103
2835;4989
2836;5102
2837;5068
2838;5050
2839;5031
2840;5095
2841;5091
2842;5050
2843;5130
2844;5099
2845;5051
2846;5101
2847;5114
2848;5029
2849;5099
2850;5078
2851;5068
2852;5027
2853;5088
2854;5067
2855;5011
2856;5070
2857;5120
2858;5018
2859;5146
2860;5107
2861;5100
2862;5080
2863;5166
2864;5074
2865;5067
2866;5080
2867;5092
2868;4991
2869;5095
2870;5055
2871;5041
2872;5066
2873;5121
2874;5061
2875;5111
2876;5105
2877;5146
2878;5027
2879;5119
2880;5087
2881;5024
2882;5081
2883;5108
2884;5026
2885;5078
2886;5057
2887;5085
2888;5015
2889;5123
2890;5098
2891;5059
2892;5114
2893;5149
2894;5032
2895;5125
2896;5088
2897;5065
2898;5046
2899;5103
2900;5064
2901;5028
2902;5089
2903;5084
2904;5015
2905;5085
2906;5122
2907;5052
2908;5111
2909;5104
2910;5107
2911;5040
2912;5116
2913;5074
2914;5052
2915;5068
2916;5107
2917;5000
2918;5107
2919;5072
2920;5056
2921;5056
2922;5122
2923;5108
2924;5071
2925;5105
2926;5202
2927;5250
2928;5126
2929;5083
2930;5044
2931;5063
2932;5118
2933;5022
2934;5071
2935;5061
2936;5101
2937;5013
2938;5134
2939;5102
2940;5065
2941;5109
2942;5138
2943;5056
2944;5106
2945;5085
2946;5083
2947;5033
2948;5097
2949;5057
2950;5025
2951;5064
2952;5102
2953;5011
2954;5121
2955;5097
2956;5098
2957;5100
2958;5096
2959;5123
2960;5018
2961;5112
2962;5071
2963;5014
2964;5068
2965;5104
2966;5016
2967;5065
2968;5078
2969;5078
2970;5036
2971;5127
2972;5109
2973;5057
2974;5102
2975;5141
2976;5016
2977;5136
2978;5078
2979;5073
2980;5044
2981;5095
2982;5063
2983;5030
2984;5080
2985;5116
2986;5014
2987;5129
2988;5099
2989;5094
2990;5090
2991;5130
2992;5071
2993;5075
2994;5081
2995;5101
2996;5000
2997;5089
2998;5073
2999;5018
3000;5063
3001;5102
3002;5043
3003;5092
3004;5094
3005;5134
3006;5050
3007;5139
3008;5088
3009;5033
3010;5082
3011;5108
3012;5011
3013;5080
3014;5076
3015;5064
3016;5034
3017;5129
3018;5193
3019;5037
3020;5138
3021;5115
3022;5058
3023;5110
3024;5114
3025;5047
3026;5089
3027;5069
3028;5085
3029;5014
3030;5116
3031;5060
3032;5014
3033;5077
3034;5098
3035;5040
3036;5120
3037;5116
3038;5101
3039;5067
3040;5124
3041;5071
3042;5056
3043;5074
3044;5118
3045;4978
3046;5106
3047;5073
3048;5047
3049;5058
3050;5111
3051;5083
3052;5072
3053;5115
3054;5151
3055;5032
3056;5133
3057;5087
3058;5047
3059;5071
3060;5118
3061;5021
3062;5069
3063;5064
3064;5096
3065;5005
3066;5120
3067;5091
3068;5062
3069;5105
3070;5131
3071;5049
3072;5112
3073;5108
3074;5060
3075;5066
3076;5080
3077;5094
3078;4990
3079;5089
3080;5068
3081;5025
3082;5081
3083;5122
3084;5055
3085;5109
3086;5128
3087;5128
3088;5037
3089;5114
3090;5085
3091;5016
3092;5078
3093;5099
3094;5008
3095;5079
3096;5067
3097;5073
3098;5034
3099;5149
3100;5094
3101;5082
3102;5110
3103;5141
3104;5016
3105;5115
3106;5096
3107;5059
3108;5051
3109;5103
3110;5048
3111;5045
3112;5061
3113;5109
3114;4991
3115;5129
3116;5094
3117;5080
3118;5106
3119;5156
3120;5067
3121;5087
3122;5086
3123;5095
3124;5011
3125;5100
3126;5070
3127;5016
3128;5060
3129;5097
3130;5025
3131;5112
3132;5093
3133;5119
3134;5086
3135;5100
3136;5127
3137;5006
3138;5116
3139;5074
3140;5034
3141;5070
3142;5087
3143;5024
3144;5061
3145;5082
3146;5103
3147;5019
3148;5134
3149;5116
3150;5055
3151;5101
3152;5133
3153;5032
3154;5116
3155;5073
3156;5087
3157;5030
3158;5097
3159;5067
3160;5013
3161;5074
3162;5100
3163;5023
3164;5126
3165;5102
3166;5111
3167;5074
3168;5135
3169;5079
3170;5080
3171;5079
3172;5110
3173;4987
3174;5097
3175;5067
3176;5036
3177;5059
3178;5104
3179;5066
3180;5077
3181;5114
3182;5136
3183;5032
3184;5138
3185;5091
3186;5047
3187;5087
3188;5107
3189;5027
3190;5060
3191;5072
3192;5075
3193;5037
3194;5081
3195;5112
3196;5015
3197;5131
3198;5120
3199;5079
3200;5107
3201;5125
3202;5064
3203;5060
3204;5076
3205;5090
3206;4999
3207;5088
3208;5063
3209;5021
3210;5070
3211;5118
3212;5044
3213;5108
3214;5110
3215;5122
3216;5047
3217;5112
3218;5094
3219;5017
3220;5077
3221;5111
3222;5002
3223;5091
3224;5056
3225;5069
3226;5030
3227;5114
3228;5093
3229;5045
3230;5108
3231;5133
3232;5042
3233;5122
3234;5089
3235;5060
3236;5056
3237;5108
3238;5044
3239;5046
3240;5055
3241;5104
3242;4977
3243;5112
3244;5093
3245;5067
3246;5097
3247;5131
3248;5070
3249;5085
3250;5091
3251;5099
3252;5008
3253;5077
3254;5091
3255;4987
3256;5087
3257;5060
3258;5043
3259;5050
3260;5115
3261;5075
3262;5082
3263;5097
3264;5135
3265;5018
3266;5126
3267;5084
3268;5033
3269;5075
3270;5093
3271;5037
3272;5072
3273;5068
3274;5092
3275;5010
3276;5122
3277;5104
3278;5078
3279;5102
3280;5147
3281;5048
3282;5108
3283;5079
3284;5080
3285;5028
3286;5089
3287;5065
3288;5004
3289;5068
3290;5101
3291;5005
3292;5124
3293;5095
3294;5103
3295;5065
3296;5133
3297;5087
3298;5055
3299;5078
3300;5101
3301;4990
3302;5105
3303;5071
3304;5047
3305;5045
3306;5095
3307;5052
3308;5072
3309;5092
3310;5144
3311;5016
3312;5139
3313;5119
3314;5021
3315;5112
3316;5075
3317;5056
3318;5029
3319;5103
3320;5053
3321;5021
3322;5070
3323;5121
3324;5007
3325;5111
3326;5109
3327;5077
3328;5102
3329;5125
3330;5064
3331;5071
3332;5072
3333;5105
3334;4980
3335;5115
3336;5054
3337;5019
3338;5062
3339;5099
3340;5050
3341;5093
3342;5111
3343;5126
3344;5045
3345;5149
3346;5087
3347;5051
3348;5075
3349;5104
3350;5006
3351;5085
3352;5067
3353;5059
3354;5024
3355;5088
3356;5078
3357;5036
3358;5108
3359;5137
3360;5030
3361;5129
3362;5086
3363;5073
3364;5047
3365;5110
3366;5053
3367;5042
3368;5070
3369;5095
3370;4977
3371;5097
3372;5091
3373;5050
3374;5102
3375;5152
3376;5108
3377;5063
3378;5141
3379;5095
3380;5039
3381;5088
3382;5091
3383;4992
3384;5089
3385;5062
3386;5036
3387;5041
3388;5107
3389;5067
3390;5079
3391;5105
3392;5131
3393;5026
3394;5124
3395;5097
3396;5040
3397;5078
3398;5095
3399;5028
3400;5060
3401;5053
3402;5107
3403;4987
3404;5125
3405;5082
3406;5052
3407;5102
3408;5136
3409;5057
3410;5101
3411;5085
3412;5095
3413;5034
3414;5106
3415;5066
3416;5016
3417;5065
3418;5098
3419;4994
3420;5104
3421;5083
3422;5085
3423;5067
3424;5136
3425;5095
3426;5075
3427;5094
3428;5115
3429;5006
3430;5104
3431;5060
3432;5048
3433;5035
3434;5094
3435;5045
3436;5053
3437;5104
3438;5094
3439;5045
3440;5102
3441;5130
3442;5023
3443;5119
3444;5076
3445;5072
3446;5046
3447;5101
3448;5067
3449;5021
3450;5065
3451;5083
3452;5002
3453;5119
3454;5103
3455;5080
3456;5087
3457;5145
3458;5073
3459;5092
3460;5086
3461;5102
3462;4995
3463;5091
3464;5070
3465;5015
3466;5064
3467;5088
3468;5031
3469;5090
3470;5095
3471;5131
3472;5033
3473;5146
3474;5093
3475;5051
3476;5084
3477;5126
3478;5028
3479;5080
3480;5071
3481;5069
3482;5031
3483;5098
3484;5077
3485;5028
3486;5103
3487;5139
3488;5031
3489;5143
3490;5098
3491;5098
3492;5064
3493;5115
3494;5063
3495;5040
3496;5101
3497;5062
3498;5019
3499;5074
3500;5099
3501;5029
3502;5107
3503;5105
3504;5105
3505;5078
3506;5127
3507;5095
3508;5052
3509;5085
3510;5104
3511;4990
3512;5100
3513;5064
3514;5056
3515;5035
3516;5103
3517;5068
3518;5062
3519;5106
3520;5124
3521;5034
3522;5135
3523;5116
3524;5058
3525;5079
3526;5116
3527;5037
3528;5082
3529;5068
3530;5101
3531;4990
3532;5120
3533;5084
3534;5047
3535;5111
3536;5136
3537;5065
3538;5131
3539;5110
3540;5102
3541;5022
3542;5112
3543;5066
3544;5019
3545;5064
3546;5110
3547;4999
3548;5094
3549;5078
3550;5080
3551;5066
3552;5128
3553;5110
3554;5063
3555;5126
3556;5090
3557;5030
3558;5080
3559;5099
3560;5022
3561;5085
3562;5082
3563;5066
3564;5027
3565;5104
3566;5083
3567;5049
3568;5101
3569;5150
3570;5034
3571;5152
3572;5089
3573;5077
3574;5054
3575;5102
3576;5066
3577;5034
3578;5064
3579;5118
3580;4981
3581;5112
3582;5088
3583;5084
3584;5090
3585;5139
3586;5078
3587;5090
3588;5100
3589;5107
3590;5014
3591;5100
3592;5081
3593;5028
3594;5066
3595;5104
3596;5023
3597;5080
3598;5084
3599;5118
3600;5039
3601;5156
3602;5112
3603;5052
3604;5092
3605;5123
3606;5022
3607;5085
3608;5084
3609;5059
3610;5025
3611;5085
3612;5059
3613;5023
3614;5078
3615;5130
3616;5053
3617;5115
3618;5140
3619;5060
3620;5102
3621;5078
3622;5103
3623;5024
3624;5101
3625;5069
3626;5020
3627;5067
3628;5099
3629;5019
3630;5113
3631;5103
3632;5094
3633;5069
3634;5134
3635;5096
3636;5054
3637;5080
3638;5125
3639;4989
3640;5113
3641;5068
3642;5048
3643;5045
3644;5086
3645;5058
3646;5044
3647;5098
3648;5128
3649;5028
3650;5142
3651;5109
3652;5068
3653;5084
3654;5115
3655;5032
3656;5088
3657;5075
3658;5090
3659;5010
3660;5094
3661;5079
3662;5021
3663;5096
3664;5126
3665;5050
3666;5133
3667;5106
3668;5108
3669;5037
3670;5118
3671;5088
3672;5029
3673;5095
3674;5063
3675;5017
3676;5066
3677;5097
3678;5034
3679;5089
3680;5116
3681;5141
3682;5049
3683;5134
3684;5104
3685;5033
3686;5088
3687;5102
3688;5024
3689;5081
3690;5069
3691;5072
3692;5026
3693;5104
3694;5076
3695;5070
3696;5113
3697;5145
3698;5042
3699;5135
3700;5104
3701;5067
3702;5079
3703;5109
3704;5057
3705;5053
3706;5064
3707;5099
3708;4973
3709;5107
3710;5073
3711;5061
3712;5091
3713;5140
3714;5079
3715;5093
3716;5098
3717;5120
3718;5022
3719;5104
3720;5082
3721;5017
3722;5061
3723;5094
3724;5016
3725;5078
3726;5074
3727;5114
3728;5041
3729;5133
3730;5114
3731;5056
3732;5145
3733;5107
3734;5043
3735;5080
3736;5099
3737;5038
3738;5061
3739;5074
3740;5083
3741;5000
3742;5094
3743;5085
3744;5057
3745;5109
3746;5135
3747;5052
3748;5127
3749;5096
3750;5114
3751;5027
3752;5113
3753;5072
3754;5018
3755;5068
3756;5090
3757;4996
3758;5095
3759;5088
3760;5089
3761;5071
3762;5159
3763;5101
3764;5083
3765;5091
3766;5136
3767;4993
3768;5106
3769;5069
3770;5044
3771;5053
3772;5089
3773;5046
3774;5068
3775;5083
3776;5124
3777;5017
3778;5148
3779;5112
3780;5077
3781;5091
3782;5118
3783;5038
3784;5098
3785;5077
3786;5084
3787;5009
3788;5085
3789;5070
3790;5015
3791;5121
3792;5088
3793;5063
3794;5104
3795;5131
3796;5073
3797;5076
3798;5098
3799;5109
3800;5010
3801;5102
3802;5068
3803;5015
3804;5051
3805;5103
3806;5019
3807;5088
3808;5090
3809;5118
3810;5053
3811;5130
3812;5110
3813;5047
3814;5090
3815;5120
3816;5016
3817;5113
3818;5059
3819;5068
3820;5017
3821;5095
3822;5070
3823;5038
3824;5099
3825;5127
3826;5034
3827;5134
3828;5121
3829;5085
3830;5071
3831;5119
3832;5058
3833;5058
3834;5059
3835;5116
3836;4973
3837;5103
3838;5061
3839;5036
3840;5088
3841;5144
3842;5074
3843;5094
3844;5117
3845;5119
3846;5033
3847;5113
3848;5085
3849;5029
3850;5095
3851;5077
3852;5040
3853;5062
3854;5110
3855;5050
3856;5064
3857;5091
3858;5143
3859;5026
3860;5140
3861;5106
3862;5064
3863;5081
3864;5121
3865;5031
3866;5062
3867;5071
3868;5087
3869;5007
3870;5101
3871;5080
3872;5035
3873;5100
3874;5146
3875;5044
3876;5131
3877;5098
3878;5098
3879;5045
3880;5105
3881;5082
3882;5024
3883;5072
3884;5087
3885;4991
3886;5133
3887;5078
3888;5075
3889;5063
3890;5135
3891;5094
3892;5083
3893;5106
3894;5122
3895;5004
3896;5113
3897;5082
3898;5028
3899;5066
3900;5099
3901;5036
3902;5052
3903;5073
3904;5122
3905;5014
3906;5135
3907;5105
3908;5072
3909;5124
3910;5103
3911;5071
3912;5097
3913;5114
3914;5054
3915;5050
3916;5114
3917;5103
3918;5021
3919;5117
3920;5097
3921;5047
3922;5139
3923;5145
3924;5073
3925;5105
3926;5111
3927;5116
3928;5017
3929;5113
3930;5076
3931;5021
3932;5063
3933;5082
3934;5010
3935;5080
3936;5078
3937;5129
3938;5055
3939;5149
3940;5103
3941;5060
3942;5091
3943;5130
3944;5005
3945;5100
3946;5076
3947;5050
3948;5042
3949;5104
3950;5061
3951;5042
3952;5096
3953;5138
3954;5045
3955;5148
3956;5111
3957;5079
3958;5086
3959;5123
3960;5045
3961;5082
3962;5064
3963;5088
3964;5019
3965;5059
3966;5093
3967;4991
3968;5105
3969;5083
3970;5076
3971;5082
3972;5126
3973;5093
3974;5065
3975;5087
3976;5116
3977;4994
3978;5105
3979;5068
3980;5040
3981;5060
3982;5103
3983;5044
3984;5064
3985;5103
3986;5128
3987;5042
3988;5156
3989;5113
3990;5054
3991;5100
3992;5127
3993;5031
3994;5094
3995;5068
3996;5081
3997;5007
3998;5092
3999;5071
4000;5015
4001;5089
4002;5118
4003;5047
4004;5140
4005;5118
4006;5091
4007;5063
4008;5110
4009;5067
4010;5039
4011;5066
4012;5091
4013;4987
4014;5094
4015;5073
4016;5058
4017;5082
4018;5131
4019;5092
4020;5084
4021;5110
4022;5135
4023;5034
4024;5091
4025;5103
4026;5005
4027;5092
4028;5071
4029;5046
4030;5037
4031;5089
4032;5073
4033;5058
4034;5094
4035;5150
4036;5029
4037;5135
4038;5103
4039;5087
4040;5082
4041;5101
4042;5052
4043;5051
4044;5071
4045;5087
4046;4984
4047;5097
4048;5067
4049;5057
4050;5098
4051;5143
4052;5065
4053;5104
4054;5110
4055;5108
4056;5032
4057;5110
4058;5078
4059;5024
4060;5070
4061;5097
4062;5000
4063;5083
4064;5064
4065;5090
4066;5047
4067;5136
4068;5104
4069;5062
4070;5106
4071;5132
4072;5020
4073;5106
4074;5078
4075;5054
4076;5056
4077;5130
4078;5044
4079;5038
4080;5063
4081;5122
4082;5019
4083;5145
4084;5126
4085;5050
4086;5122
4087;5101
4088;5085
4089;5048
4090;5127
4091;5075
4092;5030
4093;5074
4094;5090
4095;4985
4096;5097
4097;5093
4098;5093
4099;5088
4100;5146
4101;5082
4102;5093
4103;5096
4104;5150
4105;4999
4106;5118
4107;5073
4108;5032
4109;5070
4110;5088
4111;5038
4112;5057
4113;5081
4114;5114
4115;5042
4116;5149
4117;5116
4118;5061
4119;5092
4120;5129
4121;5016
4122;5129
4123;5110
4124;5075
4125;5033
4126;5090
4127;5064
4128;5019
4129;5077
4130;5115
4131;5017
4132;5136
4133;5097
4134;5096
4135;5062
4136;5127
4137;5071
4138;5052
4139;5097
4140;5074
4141;5021
4142;5069
4143;5105
4144;5007
4145;5102
4146;5096
4147;5097
4148;5078
4149;5142
4150;5112
4151;5065
4152;5103
4153;5103
4154;5009
4155;5103
4156;5077
4157;5044
4158;5037
4159;5093
4160;5053
4161;5063
4162;5087
4163;5133
4164;5029
4165;5147
4166;5106
4167;5063
4168;5094
4169;5115
4170;5045
4171;5084
4172;5071
4173;5100
4174;4996
4175;5109
4176;5070
4177;5031
4178;5089
4179;5144
4180;5058
4181;5125
4182;5114
4183;5117
4184;5052
4185;5117
4186;5089
4187;5021
4188;5068
4189;5099
4190;4984
4191;5096
4192;5058
4193;5085
4194;5063
4195;5138
4196;5102
4197;5073
4198;5134
4199;5097
4200;5047
4201;5092
4202;5108
4203;5026
4204;5089
4205;5073
4206;5070
4207;5022
4208;5093
4209;5082
4210;5025
4211;5090
4212;5134
4213;5036
4214;5136
4215;5103
4216;5098
4217;5063
4218;5114
4219;5068
4220;5057
4221;5079
4222;5096
4223;4985
4224;5091
4225;5082
4226;5049
4227;5083
4228;5158
4229;5077
4230;5125
4231;5102
4232;5129
4233;5023
4234;5114
4235;5074
4236;5025
4237;5083
4238;5096
4239;5020
4240;5082
4241;5081
4242;5099
4243;5050
4244;5152
4245;5116
4246;5062
4247;5103
4248;5133
4249;5021
4250;5110
4251;5080
4252;5064
4253;5031
4254;5080
4255;5089
4256;4989
4257;5102
4258;5084
4259;5025
4260;5103
4261;5142
4262;5062
4263;5107
4264;5109
4265;5089
4266;5044
4267;5110
4268;5073
4269;5021
4270;5069
4271;5100
4272;4994
4273;5112
4274;5081
4275;5086
4276;5074
4277;5131
4278;5103
4279;5073
4280;5107
4281;5110
4282;5016
4283;5109
4284;5074
4285;5054
4286;5044
4287;5096
4288;5047
4289;5046
4290;5078
4291;5108
4292;5026
4293;5125
4294;5115
4295;5087
4296;5113
4297;5133
4298;5041
4299;5082
4300;5072
4301;5097
4302;4998
4303;5105
4304;5062
4305;5016
4306;5081
4307;5120
4308;5042
4309;5121
4310;5121
4311;5103
4312;5075
4313;5122
4314;5106
4315;5010
4316;5091
4317;5072
4318;5021
4319;5068
4320;5084
4321;5030
4322;5071
4323;5098
4324;5128
4325;5048
4326;5164
4327;5110
4328;5074
4329;5097
4330;5124
4331;5015
4332;5099
4333;5076
4334;5065
4335;5033
4336;5092
4337;5064
4338;5046
4339;5087
4340;5138
4341;5038
4342;5159
4343;5104
4344;5088
4345;5084
4346;5137
4347;5060
4348;5052
4349;5074
4350;5087
4351;4983
4352;5098
4353;5075
4354;5037
4355;5092
4356;5142
4357;5059
4358;5114
4359;5103
4360;5134
4361;5030
4362;5119
4363;5081
4364;5031
4365;5079
4366;5099
4367;5008
4368;5085
4369;5067
4370;5086
4371;5038
4372;5143
4373;5127
4374;5049
4375;5133
4376;5111
4377;5055
4378;5087
4379;5108
4380;5026
4381;5073
4382;5063
4383;5086
4384;5007
4385;5099
4386;5067
4387;5020
4388;5090
4389;5124
4390;5052
4391;5119
4392;5122
4393;5090
4394;5048
4395;5118
4396;5071
4397;5062
4398;5069
4399;5108
4400;4984
4401;5112
4402;5078
4403;5069
4404;5077
4405;5129
4406;5095
4407;5096
4408;5113
4409;5136
4410;5014
4411;5116
4412;5065
4413;5041
4414;5052
4415;5093
4416;5030
4417;5228
4418;5191
4419;5110
4420;5022
4421;5143
4422;5108
4423;5067
4424;5107
4425;5136
4426;5065
4427;5076
4428;5107
4429;5037
4430;5058
4431;5062
4432;5085
4433;4993
4434;5106
4435;5091
4436;5038
4437;5107
4438;5136
4439;5066
4440;5102
4441;5111
4442;5110
4443;5025
4444;5122
4445;5069
4446;5027
4447;5070
4448;5103
4449;5009
4450;5083
4451;5095
4452;5090
4453;5066
4454;5134
4455;5104
4456;5082
4457;5095
4458;5125
4459;5003
4460;5112
4461;5070
4462;5054
4463;5043
4464;5090
4465;5052
4466;5033
4467;5091
4468;5121
4469;5018
4470;5134
4471;5118
4472;5083
4473;5099
4474;5127
4475;5043
4476;5081
4477;5067
4478;5102
4479;4990
4480;5094
4481;5062
4482;5013
4483;5081
4484;5121
4485;5052
4486;5096
4487;5135
4488;5096
4489;5084
4490;5102
4491;5114
4492;5006
4493;5093
4494;5081
4495;5024
4496;5056
4497;5092
4498;5024
4499;5097
4500;5089
4501;5136
4502;5045
4503;5142
4504;5112
4505;5045
4506;5104
4507;5103
4508;5029
4509;5098
4510;5073
4511;5072
4512;5018
4513;5110
4514;5070
4515;5027
4516;5078
4517;5136
4518;5028
4519;5137
4520;5107
4521;5093
4522;5078
4523;5135
4524;5075
4525;5048
4526;5071
4527;5119
4528;4976
4529;5093
4530;5063
4531;5057
4532;5072
4533;5123
4534;5080
4535;5105
4536;5110
4537;5126
4538;5026
4539;5121
4540;5087
4541;5021
4542;5073
4543;5101
4544;5038
4545;5036
4546;5085
4547;5061
4548;5040
4549;5099
4550;5148
4551;5027
4552;5140
4553;5106
4554;5069
4555;5078
4556;5121
4557;5040
4558;5073
4559;5069
4560;5089
4561;4995
4562;5093
4563;5075
4564;5032
4565;5103
4566;5143
4567;5058
4568;5132
4569;5108
4570;5119
4571;5040
4572;5113
4573;5074
4574;5020
4575;5066
4576;5087
4577;5001
4578;5084
4579;5073
4580;5079
4581;5067
4582;5138
4583;5103
4584;5070
4585;5096
4586;5136
4587;5003
4588;5123
4589;5071
4590;5046
4591;5057
4592;5099
4593;5050
4594;5040
4595;5077
4596;5112
4597;5017
4598;5135
4599;5115
4600;5075
4601;5102
4602;5159
4603;5078
4604;5070
4605;5110
4606;5067
4607;5043
4608;5061
4609;5095
4610;4979
4611;5097
4612;5078
4613;5061
4614;5092
4615;5126
4616;5082
4617;5086
4618;5112
4619;5116
4620;5015
4621;5121
4622;5079
4623;5025
4624;5069
4625;5123
4626;5016
4627;5084
4628;5078
4629;5106
4630;5052
4631;5128
4632;5150
4633;5056
4634;5112
4635;5115
4636;5033
4637;5111
4638;5079
4639;5078
4640;5018
4641;5101
4642;5058
4643;5024
4644;5078
4645;5119
4646;5024
4647;5142
4648;5120
4649;5081
4650;5086
4651;5125
4652;5070
4653;5084
4654;5085
4655;5100
4656;4985
4657;5103
4658;5062
4659;5039
4660;5106
4661;5091
4662;5088
4663;5064
4664;5138
4665;5098
4666;5073
4667;5091
4668;5119
4669;5006
4670;5111
4671;5071
4672;5041
4673;5053
4674;5098
4675;5047
4676;5052
4677;5094
4678;5131
4679;5017
4680;5160
4681;5103
4682;5077
4683;5101
4684;5126
4685;5045
4686;5086
4687;5075
4688;5079
4689;5017
4690;5093
4691;5067
4692;5029
4693;5087
4694;5133
4695;5046
4696;5142
4697;5098
4698;5108
4699;5055
4700;5124
4701;5091
4702;5030
4703;5074
4704;5120
4705;4989
4706;5093
4707;5073
4708;5055
4709;5049
4710;5120
4711;5084
4712;5084
4713;5106
4714;5143
4715;5013
4716;5124
4717;5108
4718;5018
4719;5091
4720;5066
4721;5065
4722;5026
4723;5098
4724;5078
4725;5043
4726;5104
4727;5131
4728;5035
4729;5136
4730;5118
4731;5077
4732;5076
4733;5116
4734;5057
4735;5065
4736;5062
4737;5111
4738;4978
4739;5178
4740;5073
4741;5035
4742;5091
4743;5122
4744;5073
4745;5101
4746;5104
4747;5115
4748;5039
4749;5126
4750;5076
4751;5028
4752;5066
4753;5111
4754;5007
4755;5109
4756;5083
4757;5091
4758;5058
4759;5145
4760;5109
4761;5071
4762;5119
4763;5141
4764;5019
4765;5124
4766;5077
4767;5060
4768;5044
4769;5103
4770;5051
4771;5031
4772;5076
4773;5099
4774;5033
4775;5102
4776;5132
4777;5044
4778;5132
4779;5103
4780;5086
4781;5046
4782;5109
4783;5077
4784;5028
4785;5079
4786;5081
4787;4995
4788;5097
4789;5075
4790;5070
4791;5076
4792;5149
4793;5092
4794;5093
4795;5090
4796;5135
4797;5005
4798;5106
4799;5081
4800;5029
4801;5074
4802;5096
4803;5028
4804;5073
4805;5077
4806;5138
4807;5021
4808;5146
4809;5111
4810;5071
4811;5104
4812;5123
4813;5038
4814;5093
4815;5074
4816;5084
4817;5029
4818;5098
4819;5068
4820;5021
4821;5090
4822;5127
4823;5020
4824;5142
4825;5099
4826;5108
4827;5074
4828;5124
4829;5079
4830;5051
4831;5105
4832;5070
4833;5017
4834;5059
4835;5094
4836;5014
4837;5090
4838;5086
4839;5092
4840;5066
4841;5127
4842;5116
4843;5064
4844;5101
4845;5119
4846;5004
4847;5142
4848;5113
4849;5108
4850;5078
4851;5090
4852;5062
4853;5048
4854;5091
4855;5134
4856;5022
4857;5169
4858;5107
4859;5081
4860;5085
4861;5135
4862;5043
4863;5069
4864;5071
4865;5092
4866;5003
4867;5085
4868;5076
4869;5019
4870;5088
4871;5127
4872;5048
4873;5120
4874;5102
4875;5120
4876;5047
4877;5119
4878;5098
4879;5029
4880;5074
4881;5091
4882;4999
4883;5090
4884;5069
4885;5057
4886;5039
4887;5128
4888;5123
4889;5045
4890;5136
4891;5103
4892;5040
4893;5099
4894;5101
4895;5015
4896;5080
4897;5057
4898;5067
4899;5010
4900;5087
4901;5066
4902;5024
4903;5083
4904;5124
4905;5047
4906;5127
4907;5104
4908;5095
4909;5078
4910;5117
4911;5069
4912;5037
4913;5065
4914;5110
4915;4985
4916;5086
4917;5071
4918;5050
4919;5081
4920;5125
4921;5087
4922;5095
4923;5105
4924;5130
4925;5016
4926;5126
4927;5072
4928;5030
4929;5064
4930;5093
4931;5014
4932;5064
4933;5070
4934;5088
4935;5023
4936;5133
4937;5102
4938;5059
4939;5103
4940;5129
4941;5033
4942;5105
4943;5077
4944;5077
4945;5020
4946;5094
4947;5059
4948;5022
4949;5068
4950;5105
4951;5039
4952;5094
4953;5134
4954;5066
4955;5102
4956;5099
4957;5117
4958;5030
4959;5125
4960;5079
4961;5013
4962;5071
4963;5088
4964;4998
4965;5092
4966;5069
4967;5083
4968;5046
4969;5138
4970;5108
4971;5073
4972;5105
4973;5108
4974;5014
4975;5109
4976;5075
4977;5043
4978;5052
4979;5086
4980;5044
4981;5048
4982;5068
4983;5115
4984;5006
4985;5135
4986;5104
4987;5080
4988;5104
4989;5122
4990;5056
4991;5069
4992;5080
4993;5110
4994;4993
4995;5092
4996;5055
4997;5013
4998;5069
4999;5122
5000;5042
5001;5124
5002;5107
5003;5122
5004;5061
5005;5123
5006;5102
5007;5020
5008;5080
5009;5094
5010;5042
5011;5064
5012;5086
5013;5032
5014;5064
5015;5091
5016;5104
5017;5053
5018;5121
5019;5111
5020;5049
5021;5092
5022;5115
5023;5019
5024;5083
5025;5067
5026;5084
5027;5022
5028;5093
5029;5062
5030;5002
5031;5079
5032;5123
5033;5024
5034;5131
5035;5098
5036;5102
5037;5056
5038;5128
5039;5073
5040;5048
5041;5073
5042;5098
5043;4986
5044;5085
5045;5074
5046;5047
5047;5067
5048;5122
5049;5083
5050;5101
5051;5113
5052;5137
5053;5021
5054;5130
5055;5077
5056;5042
5057;5067
5058;5091
5059;5025
5060;5064
5061;5064
5062;5100
5063;5011
5064;5110
5065;5095
5066;5057
5067;5098
5068;5135
5069;5037
5070;5110
5071;5112
5072;5061
5073;5049
5074;5060
5075;5096
5076;4977
5077;5100
5078;5065
5079;5032
5080;5095
5081;5128
5082;5066
5083;5105
5084;5111
5085;5112
5086;5041
5087;5118
5088;5079
5089;5023
5090;5065
5091;5098
5092;4998
5093;5096
5094;5059
5095;5085
5096;5039
5097;5125
5098;5103
5099;5057
5100;5114
5101;5121
5102;5025
5103;5113
5104;5079
5105;5064
5106;5041
5107;5115
5108;5046
5109;5042
5110;5061
5111;5112
5112;5007
5113;5145
5114;5103
5115;5079
5116;5116
5117;5137
5118;5068
5119;5083
5120;5072
5121;5103
5122;5002
5123;5091
5124;5060
5125;5019
5126;5058
5127;5102
5128;5028
5129;5123
5130;5119
5131;5084
5132;5082
5133;5103
5134;5136
5135;5011
5136;5106
5137;5075
5138;5035
5139;5073
5140;5093
5141;5033
5142;5051
5143;5080
5144;5108
5145;5022
5146;5132
5147;5103
5148;5058
5149;5104
5150;5145
5151;5037
5152;5094
5153;5087
5154;5075
5155;5022
5156;5085
5157;5068
5158;5014
5159;5068
5160;5131
5161;5014
5162;5139
5163;5100
5164;5128
5165;5072
5166;5146
5167;5079
5168;5057
5169;5086
5170;5098
5171;5000
5172;5106
5173;5070
5174;5048
5175;5063
5176;5121
5177;5071
5178;5089
5179;5096
5180;5142
5181;5023
5182;5133
5183;5091
5184;5048
5185;5078
5186;5102
5187;5027
5188;5059
5189;5095
5190;5065
5191;5024
5192;5082
5193;5121
5194;5013
5195;5127
5196;5114
5197;5076
5198;5100
5199;5122
5200;5057
5201;5069
5202;5071
5203;5103
5204;4999
5205;5105
5206;5062
5207;5039
5208;5086
5209;5107
5210;5058
5211;5103
5212;5118
5213;5112
5214;5056
5215;5146
5216;5085
5217;5047
5218;5070
5219;5106
5220;4993
5221;5097
5222;5062
5223;5069
5224;5039
5225;5110
5226;5094
5227;5055
5228;5120
5229;5157
5230;5017
5231;5123
5232;5090
5233;5065
5234;5049
5235;5112
5236;5048
5237;5048
5238;5071
5239;5100
5240;4998
5241;5123
5242;5109
5243;5051
5244;5113
5245;5136
5246;5067
5247;5095
5248;5108
5249;5082
5250;5041
5251;5078
5252;5091
5253;4987
5254;5091
5255;5066
5256;5039
5257;5068
5258;5127
5259;5071
5260;5093
5261;5110
5262;5138
5263;5030
5264;5118
5265;5082
5266;5043
5267;5082
5268;5100
5269;5028
5270;5062
5271;5065
5272;5114
5273;5010
5274;5132
5275;5108
5276;5061
5277;5116
5278;5138
5279;5046
5280;5111
5281;5089
5282;5070
5283;5027
5284;5109
5285;5069
5286;5025
5287;5057
5288;5104
5289;4994
5290;5129
5291;5091
5292;5094
5293;5083
5294;5139
5295;5084
5296;5070
5297;5085
5298;5095
5299;5000
5300;5088
5301;5063
5302;5034
5303;5058
5304;5105
5305;5048
5306;5084
5307;5142
5308;5114
5309;5072
5310;5116
5311;5128
5312;5015
5313;5115
5314;5074
5315;5052
5316;5045
5317;5119
5318;5047
5319;5039
5320;5083
5321;5093
5322;5017
5323;5126
5324;5106
5325;5077
5326;5096
5327;5132
5328;5052
5329;5097
5330;5072
5331;5107
5332;5001
5333;5103
5334;5066
5335;5010
5336;5079
5337;5104
5338;5050
5339;5106
5340;5114
5341;5136
5342;5064
5343;5141
5344;5089
5345;5040
5346;5082
5347;5103
5348;5002
5349;5097
5350;5069
5351;5057
5352;5037
5353;5112
5354;5090
5355;5070
5356;5102
5357;5135
5358;5026
5359;5131
5360;5087
5361;5065
5362;5074
5363;5107
5364;5067
5365;5020
5366;5096
5367;5061
5368;5040
5369;5075
5370;5134
5371;5023
5372;5129
5373;5113
5374;5093
5375;5083
5376;5125
5377;5079
5378;5043
5379;5079
5380;5106
5381;4997
5382;5100
5383;5060
5384;5038
5385;5061
5386;5132
5387;5067
5388;5101
5389;5109
5390;5124
5391;5046
5392;5117
5393;5092
5394;5029
5395;5074
5396;5110
5397;5021
5398;5078
5399;5056
5400;5088
5401;5041
5402;5142
5403;5104
5404;5058
5405;5118
5406;5174
5407;5043
5408;5160
5409;5089
5410;5081
5411;5053
5412;5134
5413;5063
5414;5026
5415;5072
5416;5120
5417;5005
5418;5124
5419;5094
5420;5122
5421;5130
5422;5125
5423;5097
5424;5054
5425;5112
5426;5082
5427;5033
5428;5077
5429;5094
5430;4993
5431;5095
5432;5071
5433;5055
5434;5069
5435;5113
5436;5096
5437;5072
5438;5108
5439;5136
5440;5024
5441;5119
5442;5072
5443;5063
5444;5066
5445;5113
5446;5030
5447;5055
5448;5065
5449;5105
5450;5011
5451;5116
5452;5117
5453;5053
5454;5112
5455;5146
5456;5057
5457;5106
5458;5078
5459;5105
5460;5023
5461;5109
5462;5060
5463;5016
5464;5073
5465;5102
5466;5034
5467;5124
5468;5105
5469;5105
5470;5078
5471;5152
5472;5090
5473;5061
5474;5079
5475;5121
5476;4991
5477;5095
5478;5097
5479;5005
5480;5068
5481;5061
5482;5089
5483;5038
5484;5126
5485;5114
5486;5060
5487;5101
5488;5123
5489;5024
5490;5108
5491;5091
5492;5094
5493;5038
5494;5103
5495;5054
5496;5039
5497;5070
5498;5129
5499;4995
5500;5140
5501;5117
5502;5084
5503;5098
5504;5125
5505;5071
5506;5100
5507;5134
5508;5124
5509;5004
5510;5102
5511;5057
5512;5026
5513;5062
5514;5113
5515;5044
5516;5099
5517;5103
5518;5127
5519;5065
5520;5137
5521;5103
5522;5053
5523;5093
5524;5102
5525;5000
5526;5091
5527;5063
5528;5063
5529;5028
5530;5124
5531;5079
5532;5057
5533;5108
5534;5135
5535;5056
5536;5104
5537;5122
5538;5032
5539;5090
5540;5070
5541;5074
5542;5027
5543;5093
5544;5074
5545;5003
5546;5080
5547;5104
5548;5023
5549;5121
5550;5102
5551;5105
5552;5064
5553;5148
5554;5079
5555;5052
5556;5076
5557;5104
5558;4985
5559;5090
5560;5095
5561;5034
5562;5064
5563;5119
5564;5071
5565;5108
5566;5131
5567;5171
5568;5026
5569;5130
5570;5090
5571;5034
5572;5088
5573;5114
5574;5035
5575;5074
5576;5063
5577;5091
5578;5011
5579;5115
5580;5086
5581;5060
5582;5100
5583;5148
5584;5049
5585;5123
5586;5096
5587;5073
5588;5038
5589;5090
5590;5073
5591;5009
5592;5067
5593;5103
5594;5015
5595;5099
5596;5123
5597;5061
5598;5113
5599;5116
5600;5114
5601;5040
5602;5119
5603;5076
5604;5024
5605;5066
5606;5098
5607;4999
5608;5098
5609;5067
5610;5072
5611;5043
5612;5117
5613;5119
5614;5051
5615;5118
5616;5131
5617;5024
5618;5115
5619;5078
5620;5076
5621;5049
5622;5099
5623;5053
5624;5054
5625;5074
5626;5102
5627;4994
5628;5116
5629;5115
5630;5083
5631;5107
5632;5138
5633;5058
5634;5093
5635;5087
5636;5110
5637;5003
5638;5109
5639;5069
5640;5013
5641;5071
5642;5106
5643;5032
5644;5108
5645;5099
5646;5104
5647;5069
5648;5151
5649;5097
5650;5048
5651;5109
5652;5089
5653;5031
5654;5073
5655;5090
5656;5029
5657;5058
5658;5077
5659;5099
5660;5033
5661;5127
5662;5108
5663;5064
5664;5106
5665;5140
5666;5037
5667;5103
5668;5085
5669;5071
5670;5034
5671;5088
5672;5058
5673;5027
5674;5066
5675;5141
5676;5009
5677;5140
5678;5098
5679;5101
5680;5088
5681;5143
5682;5093
5683;5060
5684;5079
5685;5096
5686;4996
5687;5098
5688;5067
5689;5037
5690;5057
5691;5118
5692;5055
5693;5099
5694;5093
5695;5137
5696;5039
5697;5127
5698;5094
5699;5043
5700;5088
5701;5101
5702;5023
5703;5071
5704;5059
5705;5080
5706;5005
5707;5110
5708;5083
5709;5050
5710;5122
5711;5114
5712;5068
5713;5095
5714;5128
5715;5046
5716;5082
5717;5073
5718;5099
5719;5000
5720;5104
5721;5071
5722;5017
5723;5079
5724;5099
5725;5056
5726;5127
5727;5115
5728;5114
5729;5054
5730;5132
5731;5080
5732;5045
5733;5074
5734;5107
5735;4994
5736;5096
5737;5067
5738;5050
5739;5042
5740;5099
5741;5086
5742;5072
5743;5106
5744;5150
5745;5017
5746;5130
5747;5084
5748;5068
5749;5059
5750;5102
5751;5045
5752;5056
5753;5070
5754;5098
5755;5000
5756;5114
5757;5106
5758;5064
5759;5110
5760;5147
5761;5066
5762;5107
5763;5081
5764;5109
5765;5016
5766;5106
5767;5089
5768;4983
5769;5094
5770;5068
5771;5047
5772;5059
5773;5124
5774;5071
5775;5092
5776;5122
5777;5143
5778;5033
5779;5118
5780;5086
5781;5030
5782;5074
5783;5103
5784;5014
5785;5073
5786;5062
5787;5106
5788;5023
5789;5122
5790;5102
5791;5056
5792;5119
5793;5134
5794;5047
5795;5114
5796;5098
5797;5073
5798;5050
5799;5106
5800;5064
5801;5036
5802;5057
5803;5104
5804;4992
5805;5131
5806;5098
5807;5092
5808;5102
5809;5132
5810;5082
5811;5084
5812;5091
5813;5102
5814;5000
5815;5103
5816;5058
5817;5031
5818;5063
5819;5112
5820;5043
5821;5084
5822;5111
5823;5134
5824;5044
5825;5126
5826;5138
5827;5010
5828;5134
5829;5088
5830;5041
5831;5063
5832;5096
5833;5042
5834;5040
5835;5075
5836;5118
5837;5054
5838;5188
5839;5103
5840;5060
5841;5103
5842;5134
5843;5045
5844;5119
5845;5075
5846;5094
5847;5021
5848;5097
5849;5067
5850;5010
5851;5076
5852;5104
5853;5025
5854;5113
5855;5098
5856;5119
5857;5076
5858;5143
5859;5084
5860;5049
5861;5087
5862;5114
5863;4993
5864;5087
5865;5075
5866;5049
5867;5045
5868;5095
5869;5071
5870;5070
5871;5095
5872;5145
5873;5026
5874;5142
5875;5095
5876;5055
5877;5080
5878;5117
5879;5031
5880;5073
5881;5076
5882;5082
5883;5003
5884;5116
5885;5117
5886;5016
5887;5135
5888;5116
5889;5085
5890;5093
5891;5121
5892;5072
5893;5054
5894;5078
5895;5100
5896;4992
5897;5086
5898;5059
5899;5030
5900;5076
5901;5118
5902;5056
5903;5094
5904;5110
5905;5126
5906;5043
5907;5263
5908;5275
5909;5034
5910;5084
5911;5102
5912;5012
5913;5084
5914;5076
5915;5077
5916;5031
5917;5127
5918;5089
5919;5063
5920;5097
5921;5140
5922;5027
5923;5132
5924;5095
5925;5065
5926;5061
5927;5111
5928;5058
5929;5044
5930;5067
5931;5099
5932;4994
5933;5102
5934;5077
5935;5065
5936;5094
5937;5134
5938;5096
5939;5070
5940;5112
5941;5073
5942;5042
5943;5072
5944;5101
5945;4991
5946;5086
5947;5071
5948;5042
5949;5063
5950;5117
5951;5088
5952;5090
5953;5126
5954;5147
5955;5019
5956;5132
5957;5080
5958;5054
5959;5069
5960;5105
5961;5032
5962;5070
5963;5069
5964;5080
5965;5021
5966;5121
5967;5109
5968;5060
5969;5109
5970;5140
5971;5045
5972;5112
5973;5079
5974;5091
5975;5025
5976;5107
5977;5073
5978;5014
5979;5071
5980;5101
5981;5007
5982;5137
5983;5106
5984;5096
5985;5079
5986;5146
5987;5078
5988;5076
5989;5078
5990;5115
5991;4993
5992;5100
5993;5068
5994;5024
5995;5060
5996;5091
5997;5078
5998;5036
5999;5128
6000;5103
6001;5064
6002;5114
6003;5127
6004;5028
6005;5106
6006;5087
6007;5046
6008;5056
6009;5093
6010;5060
6011;5039
6012;5068
6013;5114
6014;4999
6015;5144
6016;5110
6017;5073
6018;5111
6019;5128
6020;5063
6021;5150
6022;5083
6023;5099
6024;5004
6025;5109
6026;5057
6027;5016
6028;5058
6029;5109
6030;5032
6031;5109
6032;5112
6033;5134
6034;5073
6035;5128
6036;5106
6037;5046
6038;5092
6039;5108
6040;5004
6041;5106
6042;5061
6043;5054
6044;5034
6045;5115
6046;5071
6047;5065
6048;5114
6049;5143
6050;5027
6051;5116
6052;5101
6053;5054
6054;5102
6055;5072
6056;5066
6057;5032
6058;5085
6059;5068
6060;5013
6061;5082
6062;5106
6063;5022
6064;5128
6065;5094
6066;5091
6067;5064
6068;5132
6069;5081
6070;5068
6071;5084
6072;5107
6073;4987
6074;5085
6075;5070
6076;5030
6077;5067
6078;5117
6079;5063
6080;5097
6081;5113
6082;5155
6083;5031
6084;5149
6085;5084
6086;5041
6087;5068
6088;5108
6089;5024
6090;5074
6091;5072
6092;5071
6093;5016
6094;5128
6095;5095
6096;5048
6097;5109
6098;5142
6099;5034
6100;5133
6101;5089
6102;5079
6103;5055
6104;5101
6105;5069
6106;5023
6107;5067
6108;5090
6109;4995
6110;5098
6111;5079
6112;5076
6113;5078
6114;5145
6115;5118
6116;5061
6117;5115
6118;5090
6119;5017
6120;5069
6121;5095
6122;4992
6123;5088
6124;5059
6125;5060
6126;5041
6127;5125
6128;5096
6129;5068
6130;5110
6131;5132
6132;5028
6133;5128
6134;5085
6135;5074
6136;5060
6137;5120
6138;5035
6139;5068
6140;5068
6141;5116
6142;5004
6143;5123
6144;5104
6145;5060
6146;5126
6147;5140
6148;5068
6149;5105
6150;5082
6151;5101
6152;5011
6153;5101
6154;5058
6155;5014
6156;5058
6157;5098
6158;5012
6159;5091
6160;5108
6161;5115
6162;5066
6163;5131
6164;5119
6165;5045
6166;5101
6167;5118
6168;5002
6169;5127
6170;5082
6171;5051
6172;5072
6173;5077
6174;5089
6175;5020
6176;5128
6177;5107
6178;5073
6179;5107
6180;5135
6181;5030
6182;5115
6183;5086
6184;5065
6185;5051
6186;5100
6187;5065
6188;5015
6189;5070
6190;5103
6191;5001
6192;5119
6193;5092
6194;5107
6195;5086
6196;5148
6197;5069
6198;5074
6199;5084
6200;5104
6201;4993
6202;5088
6203;5070
6204;5021
6205;5069
6206;5107
6207;5047
6208;5096
6209;5105
6210;5139
6211;5041
6212;5151
6213;5117
6214;5041
6215;5090
6216;5115
6217;5020
6218;5082
6219;5069
6220;5069
6221;5020
6222;5108
6223;5073
6224;5051
6225;5100
6226;5138
6227;5029
6228;5135
6229;5119
6230;5053
6231;5076
6232;5072
6233;5092
6234;5003
6235;5100
6236;5058
6237;5024
6238;5076
6239;5116
6240;5036
6241;5116
6242;5103
6243;5104
6244;5063
6245;5119
6246;5091
6247;5051
6248;5081
6249;5111
6250;4993
6251;5118
6252;5064
6253;5042
6254;5043
6255;5111
6256;5086
6257;5069
6258;5112
6259;5135
6260;5018
6261;5141
6262;5085
6263;5063
6264;5068
6265;5108
6266;5035
6267;5063
6268;5066
6269;5087
6270;4992
6271;5098
6272;5091
6273;5059
6274;5115
6275;5142
6276;5064
6277;5109
6278;5086
6279;5108
6280;5026
6281;5104
6282;5064
6283;5016
6284;5065
6285;5097
6286;5002
6287;5094
6288;5089
6289;5098
6290;5103
6291;5112
6292;5126
6293;5046
6294;5118
6295;5094
6296;5024
6297;5086
6298;5096
6299;5026
6300;5071
6301;5061
6302;5078
6303;5016
6304;5127
6305;5103
6306;5075
6307;5119
6308;5154
6309;5037
6310;5123
6311;5089
6312;5064
6313;5052
6314;5095
6315;5069
6316;5029
6317;5056
6318;5107
6319;4988
6320;5118
6321;5083
6322;5096
6323;5094
6324;5145
6325;5081
6326;5083
6327;5090
6328;5109
6329;5002
6330;5105
6331;5067
6332;5028
6333;5065
6334;5098
6335;5032
6336;5096
6337;5096
6338;5130
6339;5047
6340;5154
6341;5112
6342;5034
6343;5090
6344;5105
6345;5021
6346;5084
6347;5097
6348;5038
6349;5042
6350;5070
6351;5098
6352;5009
6353;5120
6354;5103
6355;5055
6356;5105
6357;5127
6358;5049
6359;5099
6360;5075
6361;5096
6362;5017
6363;5117
6364;5072
6365;5019
6366;5077
6367;5100
6368;5026
6369;5115
6370;5095
6371;5113
6372;5061
6373;5144
6374;5088
6375;5067
6376;5078
6377;5108
6378;4992
6379;5095
6380;5071
6381;5035
6382;5040
6383;5090
6384;5067
6385;5074
6386;5117
6387;5146
6388;5034
6389;5136
6390;5092
6391;5072
6392;5070
6393;5125
6394;5036
6395;5061
6396;5070
6397;5087
6398;5010
6399;5097
6400;5085
6401;5042
6402;5107
6403;5140
6404;5052
6405;5121
6406;5125
6407;5074
6408;5059
6409;5092
6410;5093
6411;4989
6412;5095
6413;5057
6414;5025
6415;5075
6416;5109
6417;5049
6418;5095
6419;5111
6420;5132
6421;5056
6422;5118
6423;5096
6424;5025
6425;5079
6426;5114
6427;5019
6428;5085
6429;5069
6430;5081
6431;5017
6432;5130
6433;5087
6434;5051
6435;5107
6436;5136
6437;5035
6438;5130
6439;5091
6440;5069
6441;5063
6442;5133
6443;5059
6444;5048
6445;5061
6446;5091
6447;4968
6448;5116
6449;5085
6450;5065
6451;5098
6452;5144
6453;5081
6454;5091
6455;5102
6456;5109
6457;5098
6458;5104
6459;5071
6460;5026
6461;5057
6462;5104
6463;5013
6464;5091
6465;5109
6466;5089
6467;5082
6468;5105
6469;5149
6470;5018
6471;5130
6472;5089
6473;5043
6474;5078
6475;5103
6476;5031
6477;5061
6478;5066
6479;5075
6480;5011
6481;5103
6482;5102
6483;5049
6484;5106
6485;5132
6486;5045
6487;5113
6488;5088
6489;5089
6490;5037
6491;5096
6492;5068
6493;5022
6494;5081
6495;5101
6496;5002
6497;5121
6498;5099
6499;5103
6500;5071
6501;5141
6502;5099
6503;5070
6504;5084
6505;5122
6506;4996
6507;5101
6508;5077
6509;5034
6510;5055
6511;5090
6512;5053
6513;5060
6514;5093
6515;5133
6516;5037
6517;5155
6518;5092
6519;5061
6520;5083
6521;5128
6522;5063
6523;5047
6524;5101
6525;5053
6526;5033
6527;5065
6528;5090
6529;5006
6530;5124
6531;5106
6532;5077
6533;5109
6534;5118
6535;5079
6536;5073
6537;5079
6538;5107
6539;4985
6540;5092
6541;5056
6542;5024
6543;5060
6544;5118
6545;5036
6546;5085
6547;5100
6548;5122
6549;5072
6550;5139
6551;5102
6552;5043
6553;5083
6554;5116
6555;5006
6556;5102
6557;5053
6558;5064
6559;5021
6560;5100
6561;5075
6562;5043
6563;5101
6564;5131
6565;5030
6566;5143
6567;5099
6568;5077
6569;5051
6570;5113
6571;5043
6572;5054
6573;5056
6574;5097
6575;4978
6576;5098
6577;5083
6578;5047
6579;5088
6580;5123
6581;5080
6582;5091
6583;5124
6584;5093
6585;5047
6586;5094
6587;5103
6588;4989
6589;5088
6590;5071
6591;5034
6592;5048
6593;5111
6594;5065
6595;5087
6596;5096
6597;5132
6598;5024
6599;5147
6600;5102
6601;5051
6602;5084
6603;5102
6604;5034
6605;5059
6606;5059
6607;5090
6608;4992
6609;5119
6610;5073
6611;5069
6612;5102
6613;5132
6614;5047
6615;5120
6616;5100
6617;5093
6618;5039
6619;5096
6620;5075
6621;5026
6622;5064
6623;5103
6624;4992
6625;5107
6626;5076
6627;5085
6628;5072
6629;5144
6630;5097
6631;5065
6632;5094
6633;5129
6634;5002
6635;5100
6636;5070
6637;5029
6638;5055
6639;5092
6640;5036
6641;5057
6642;5074
6643;5126
6644;5045
6645;5114
6646;5144
6647;5031
6648;5122
6649;5079
6650;5071
6651;5044
6652;5094
6653;5055
6654;5028
6655;5065
6656;5094
6657;4991
6658;5098
6659;5100
6660;5069
6661;5092
6662;5137
6663;5072
6664;5096
6665;5086
6666;5128
6667;5000
6668;5112
6669;5066
6670;5027
6671;5060
6672;5088
6673;5023
6674;5078
6675;5093
6676;5111
6677;5051
6678;5145
6679;5107
6680;5052
6681;5083
6682;5122
6683;5017
6684;5095
6685;5069
6686;5057
6687;5025
6688;5090
6689;5071
6690;5033
6691;5091
6692;5127
6693;5031
6694;5138
6695;5101
6696;5082
6697;5060
6698;5142
6699;5062
6700;5051
6701;5065
6702;5090
6703;4977
6704;5091
6705;5106
6706;5004
6707;5109
6708;5105
6709;5090
6710;5070
6711;5144
6712;5100
6713;5047
6714;5087
6715;5090
6716;4997
6717;5102
6718;5069
6719;5037
6720;5042
6721;5101
6722;5070
6723;5079
6724;5096
6725;5123
6726;5028
6727;5123
6728;5101
6729;5053
6730;5081
6731;5102
6732;5032
6733;5074
6734;5053
6735;5093
6736;4988
6737;5094
6738;5077
6739;5027
6740;5098
6741;5121
6742;5058
6743;5110
6744;5117
6745;5105
6746;5044
6747;5112
6748;5079
6749;5038
6750;5071
6751;5100
6752;4986
6753;5106
6754;5068
6755;5070
6756;5067
6757;5136
6758;5104
6759;5068
6760;5108
6761;5118
6762;5009
6763;5104
6764;5094
6765;5017
6766;5069
6767;5067
6768;5070
6769;5024
6770;5092
6771;5080
6772;5039
6773;5092
6774;5141
6775;5028
6776;5127
6777;5089
6778;5081
6779;5052
6780;5107
6781;5067
6782;5027
6783;5074
6784;5086
6785;4990
6786;5098
6787;5086
6788;5066
6789;5080
6790;5157
6791;5078
6792;5108
6793;5088
6794;5121
6795;5009
6796;5105
6797;5068
6798;5019
6799;5075
6800;5101
6801;5030
6802;5085
6803;5069
6804;5108
6805;5031
6806;5145
6807;5099
6808;5073
6809;5102
6810;5110
6811;5027
6812;5102
6813;5077
6814;5072
6815;5032
6816;5089
6817;5067
6818;5026
6819;5068
6820;5128
6821;5017
6822;5145
6823;5109
6824;5087
6825;5101
6826;5096
6827;5093
6828;5017
6829;5105
6830;5059
6831;5009
6832;5061
6833;5094
6834;5005
6835;5098
6836;5102
6837;5093
6838;5071
6839;5142
6840;5121
6841;5061
6842;5095
6843;5116
6844;4995
6845;5125
6846;5059
6847;5053
6848;5053
6849;5093
6850;5057
6851;5066
6852;5098
6853;5125
6854;5034
6855;5139
6856;5115
6857;5072
6858;5084
6859;5122
6860;5037
6861;5074
6862;5059
6863;5098
6864;4998
6865;5095
6866;5074
6867;5022
6868;5090
6869;5130
6870;5055
6871;5113
6872;5111
6873;5109
6874;5053
6875;5129
6876;5074
6877;5035
6878;5063
6879;5100
6880;4994
6881;5101
6882;5074
6883;5058
6884;5088
6885;5092
6886;5122
6887;5056
6888;5126
6889;5107
6890;5046
6891;5087
6892;5133
6893;5049
6894;5083
6895;5061
6896;5066
6897;5051
6898;5099
6899;5093
6900;5039
6901;5108
6902;5147
6903;5070
6904;5139
6905;5125
6906;5084
6907;5097
6908;5146
6909;5055
6910;5064
6911;5070
6912;5106
6913;4978
6914;5099
6915;5078
6916;5044
6917;5101
6918;5135
6919;5092
6920;5123
6921;5108
6922;5124
6923;5022
6924;5110
6925;5079
6926;5038
6927;5059
6928;5093
6929;5011
6930;5086
6931;5077
6932;5085
6933;5045
6934;5124
6935;5130
6936;5051
6937;5104
6938;5124
6939;5045
6940;5087
6941;5099
6942;5038
6943;5063
6944;5070
6945;5088
6946;5015
6947;5110
6948;5085
6949;5036
6950;5094
6951;5149
6952;5061
6953;5160
6954;5109
6955;5087
6956;5048
6957;5094
6958;5075
6959;5018
6960;5062
6961;5103
6962;4983
6963;5099
6964;5077
6965;5072
6966;5072
6967;5134
6968;5099
6969;5078
6970;5110
6971;5121
6972;5003
6973;5118
6974;5075
6975;5045
6976;5051
6977;5099
6978;5031
6979;5062
6980;5075
6981;5131
6982;5031
6983;5136
6984;5129
6985;5065
6986;5105
6987;5129
6988;5046
6989;5085
6990;5072
6991;5081
6992;5003
6993;5099
6994;5051
6995;5018
6996;5077
6997;5128
6998;5060
6999;5109
7000;5145
7001;5065
7002;5104
7003;5086
7004;5118
7005;5021
7006;5102
7007;5066
7008;5011
7009;5071
7010;5077
7011;5021
7012;5079
7013;5085
7014;5115
7015;5044
7016;5138
7017;5106
7018;5087
7019;5142
7020;5119
7021;5009
7022;5101
7023;5072
7024;5047
7025;5044
7026;5086
7027;5063
7028;5039
7029;5083
7030;5139
7031;5022
7032;5142
7033;5105
7034;5078
7035;5065
7036;5122
7037;5052
7038;5063
7039;5070
7040;5096
7041;4994
7042;5107
7043;5082
7044;5034
7045;5090
7046;5133
7047;5059
7048;5108
7049;5103
7050;5127
7051;5046
7052;5123
7053;5086
7054;5024
7055;5117
7056;5088
7057;5070
7058;5055
7059;5102
7060;5049
7061;5069
7062;5095
7063;5124
7064;5039
7065;5126
7066;5116
7067;5044
7068;5084
7069;5119
7070;5038
7071;5080
7072;5064
7073;5092
7074;5018
7075;5113
7076;5083
7077;5032
7078;5099
7079;5128
7080;5044
7081;5133
7082;5101
7083;5102
7084;5061
7085;5113
7086;5059
7087;5041
7088;5064
7089;5105
7090;4980
7091;5091
7092;5076
7093;5051
7094;5083
7095;5130
7096;5092
7097;5086
7098;5106
7099;5119
7100;5007
7101;5118
7102;5074
7103;5043
7104;5066
7105;5095
7106;5027
7107;5081
7108;5082
7109;5108
7110;5032
7111;5132
7112;5121
7113;5059
7114;5136
7115;5114
7116;5056
7117;5074
7118;5102
7119;5052
7120;5061
7121;5063
7122;5086
7123;4975
7124;5103
7125;5081
7126;5048
7127;5106
7128;5133
7129;5072
7130;5096
7131;5103
7132;5111
7133;5026
7134;5104
7135;5072
7136;5017
7137;5059
7138;5103
7139;5001
7140;5099
7141;5079
7142;5098
7143;5052
7144;5148
7145;5114
7146;5055
7147;5116
7148;5126
7149;5016
7150;5117
7151;5078
7152;5061
7153;5050
7154;5100
7155;5046
7156;5047
7157;5077
7158;5133
7159;5022
7160;5135
7161;5102
7162;5078
7163;5103
7164;5116
7165;5052
7166;5074
7167;5073
7168;5093
7169;4996
7170;5098
7171;5065
7172;5022
7173;5101
7174;5089
7175;5075
7176;5074
7177;5139
7178;5078
7179;5083
7180;5103
7181;5111
7182;5000
7183;5106
7184;5071
7185;5029
7186;5064
7187;5078
7188;5039
7189;5076
7190;5089
7191;5118
7192;5039
7193;5148
7194;5100
7195;5068
7196;5102
7197;5114
7198;5034
7199;5093
7200;5073
7201;5067
7202;5026
7203;5100
7204;5066
7205;5034
7206;5090
7207;5132
7208;5026
7209;5153
7210;5107
7211;5100
7212;5056
7213;5114
7214;5076
7215;5036
7216;5075
7217;5096
7218;4981
7219;5098
7220;5077
7221;5058
7222;5065
7223;5134
7224;5076
7225;5087
7226;5099
7227;5138
7228;5014
7229;5126
7230;5079
7231;5029
7232;5102
7233;5072
7234;5051
7235;5042
7236;5104
7237;5072
7238;5061
7239;5098
7240;5137
7241;5036
7242;5128
7243;5104
7244;5066
7245;5080
7246;5114
7247;5041
7248;5064
7249;5065
7250;5105
7251;4988
7252;5101
7253;5068
7254;5030
7255;5088
7256;5120
7257;5063
7258;5107
7259;5116
7260;5127
7261;5039
7262;5128
7263;5079
7264;5028
7265;5069
7266;5098
7267;4997
7268;5094
7269;5075
7270;5082
7271;5065
7272;5134
7273;5104
7274;5095
7275;5105
7276;5134
7277;5007
7278;5118
7279;5071
7280;5069
7281;5048
7282;5102
7283;5039
7284;5047
7285;5080
7286;5101
7287;5002
7288;5121
7289;5108
7290;5070
7291;5150
7292;5108
7293;5078
7294;5058
7295;5111
7296;5075
7297;5035
7298;5072
7299;5079
7300;5001
7301;5094
7302;5071
7303;5061
7304;5099
7305;5137
7306;5085
7307;5106
7308;5103
7309;5139
7310;5014
7311;5116
7312;5074
7313;5022
7314;5062
7315;5091
7316;5013
7317;5084
7318;5071
7319;5122
7320;5024
7321;5145
7322;5111
7323;5062
7324;5111
7325;5125
7326;5035
7327;5094
7328;5079
7329;5076
7330;5035
7331;5102
7332;5067
7333;5027
7334;5072
7335;5122
7336;5014
7337;5138
7338;5107
7339;5091
7340;5072
7341;5129
7342;5072
7343;5052
7344;5075
7345;5088
7346;4986
7347;5088
7348;5066
7349;5005
7350;5085
7351;5084
7352;5095
7353;5066
7354;5133
7355;5108
7356;5058
7357;5086
7358;5126
7359;5002
7360;5106
7361;5070
7362;5065
7363;5054
7364;5097
7365;5055
7366;5039
7367;5091
7368;5117
7369;5028
7370;5137
7371;5108
7372;5076
7373;5100
7374;5135
7375;5047
7376;5088
7377;5070
7378;5096
7379;4996
7380;5085
7381;5073
7382;5016
7383;5084
7384;5118
7385;5054
7386;5124
7387;5115
7388;5124
7389;5047
7390;5128
7391;5079
7392;5031
7393;5073
7394;5121
7395;5001
7396;5106
7397;5072
7398;5209
7399;5228
7400;5140
7401;5084
7402;5087
7403;5137
7404;5102
7405;5052
7406;5087
7407;5119
7408;5012
7409;5108
7410;5066
7411;5063
7412;5028
7413;5100
7414;5079
7415;5029
7416;5095
7417;5128
7418;5020
7419;5153
7420;5101
7421;5077
7422;5074
7423;5136
7424;5049
7425;5056
7426;5067
7427;5091
7428;4987
7429;5091
7430;5076
7431;5043
7432;5091
7433;5142
7434;5063
7435;5113
7436;5109
7437;5128
7438;5032
7439;5114
7440;5074
7441;5022
7442;5070
7443;5087
7444;5021
7445;5086
7446;5071
7447;5081
7448;5042
7449;5132
7450;5112
7451;5062
7452;5095
7453;5136
7454;5015
7455;5122
7456;5077
7457;5063
7458;5039
7459;5104
7460;5059
7461;5022
7462;5106
7463;5085
7464;5055
7465;5105
7466;5134
7467;5049
7468;5129
7469;5103
7470;5087
7471;5061
7472;5112
7473;5069
7474;5025
7475;5058
7476;5104
7477;4986
7478;5108
7479;5071
7480;5070
7481;5076
7482;5126
7483;5101
7484;5083
7485;5106
7486;5116
7487;5004
7488;5107
7489;5069
7490;5051
7491;5053
7492;5103
7493;5026
7494;5074
7495;5079
7496;5118
7497;5035
7498;5141
7499;5116
7500;5054
7501;5108
7502;5132
7503;5046
7504;5090
7505;5081
7506;5083
7507;5018
7508;5096
7509;5059
7510;5012
7511;5073
7512;5116
7513;5031
7514;5123
7515;5119
7516;5114
7517;5081
7518;5118
7519;5109
7520;5017
7521;5099
7522;5079
7523;5026
7524;5071
7525;5087
7526;5017
7527;5077
7528;5078
7529;5104
7530;5047
7531;5128
7532;5098
7533;5060
7534;5089
7535;5125
7536;5012
7537;5100
7538;5076
7539;5049
7540;5042
7541;5086
7542;5067
7543;5033
7544;5068
7545;5131
7546;5014
7547;5155
7548;5107
7549;5091
7550;5095
7551;5125
7552;5059
7553;5057
7554;5077
7555;5092
7556;4997
7557;5115
7558;5077
7559;5036
7560;5078
7561;5128
7562;5049
7563;5120
7564;5101
7565;5127
7566;5043
7567;5132
7568;5095
7569;5028
7570;5073
7571;5091
7572;5013
7573;5082
7574;5060
7575;5068
7576;5033
7577;5130
7578;5100
7579;5074
7580;5135
7581;5113
7582;5045
7583;5106
7584;5114
7585;5030
7586;5081
7587;5069
7588;5085
7589;5007
7590;5100
7591;5070
7592;5021
7593;5095
7594;5125
7595;5048
7596;5117
7597;5111
7598;5094
7599;5060
7600;5111
7601;5066
7602;5043
7603;5068
7604;5109
7605;4985
7606;5103
7607;5073
7608;5050
7609;5066
7610;5119
7611;5088
7612;5079
7613;5106
7614;5139
7615;5015
7616;5128
7617;5079
7618;5057
7619;5068
7620;5109
7621;5031
7622;5066
7623;5073
7624;5104
7625;5030
7626;5144
7627;5107
7628;5066
7629;5118
7630;5138
7631;5037
7632;5109
7633;5075
7634;5088
7635;5025
7636;5098
7637;5088
7638;4987
7639;5101
7640;5074
7641;5042
7642;5098
7643;5139
7644;5070
7645;5108
7646;5102
7647;5121
7648;5033
7649;5108
7650;5078
7651;5010
7652;5079
7653;5091
7654;5007
7655;5088
7656;5078
7657;5100
7658;5046
7659;5151
7660;5112
7661;5077
7662;5106
7663;5133
7664;5010
7665;5107
7666;5077
7667;5051
7668;5041
7669;5127
7670;5051
7671;5048
7672;5075
7673;5128
7674;5017
7675;5146
7676;5098
7677;5076
7678;5100
7679;5122
7680;5057
7681;5082
7682;5080
7683;5094
7684;5007
7685;5090
7686;5064
7687;5021
7688;5068
7689;5109
7690;5041
7691;5115
7692;5107
7693;5118
7694;5053
7695;5129
7696;5119
7697;4998
7698;5105
7699;5070
7700;5036
7701;5069
7702;5090
7703;5030
7704;5063
7705;5084
7706;5109
7707;5048
7708;5140
7709;5109
7710;5058
7711;5094
7712;5125
7713;5030
7714;5112
7715;5072
7716;5084
7717;5024
7718;5096
7719;5074
7720;5032
7721;5098
7722;5115
7723;5034
7724;5154
7725;5105
7726;5110
7727;5067
7728;5130
7729;5068
7730;5054
7731;5066
7732;5103
7733;4985
7734;5097
7735;5071
7736;5033
7737;5074
7738;5129
7739;5085
7740;5088
7741;5113
7742;5138
7743;5028
7744;5126
7745;5077
7746;5040
7747;5074
7748;5102
7749;5025
7750;5068
7751;5076
7752;5083
7753;5026
7754;5119
7755;5129
7756;5031
7757;5130
7758;5104
7759;5069
7760;5094
7761;5105
7762;5053
7763;5057
7764;5074
7765;5090
7766;4991
7767;5091
7768;5064
7769;5021
7770;5084
7771;5157
7772;5061
7773;5116
7774;5119
7775;5113
7776;5048
7777;5116
7778;5087
7779;5019
7780;5074
7781;5100
7782;4994
7783;5105
7784;5069
7785;5074
7786;5054
7787;5131
7788;5100
7789;5074
7790;5118
7791;5132
7792;5019
7793;5124
7794;5085
7795;5049
7796;5051
7797;5104
7798;5039
7799;5053
7800;5060
7801;5107
7802;5002
7803;5137
7804;5113
7805;5067
7806;5110
7807;5134
7808;5059
7809;5079
7810;5084
7811;5090
7812;5033
7813;5078
7814;5094
7815;4975
7816;5097
7817;5085
7818;5054
7819;5085
7820;5131
7821;5097
7822;5102
7823;5098
7824;5132
7825;5022
7826;5126
7827;5078
7828;5029
7829;5070
7830;5088
7831;5030
7832;5058
7833;5082
7834;5099
7835;5037
7836;5136
7837;5100
7838;5071
7839;5097
7840;5137
7841;5024
7842;5118
7843;5073
7844;5065
7845;5036
7846;5085
7847;5067
7848;5016
7849;5078
7850;5113
7851;5017
7852;5136
7853;5110
7854;5094
7855;5082
7856;5134
7857;5069
7858;5074
7859;5074
7860;5100
7861;4993
7862;5094
7863;5063
7864;5030
7865;5069
7866;5114
7867;5051
7868;5092
7869;5111
7870;5150
7871;5079
7872;5108
7873;5130
7874;5009
7875;5111
7876;5089
7877;5041
7878;5052
7879;5094
7880;5039
7881;5052
7882;5084
7883;5130
7884;5016
7885;5133
7886;5104
7887;5059
7888;5112
7889;5110
7890;5049
7891;5071
7892;5069
7893;5103
7894;4995
7895;5113
7896;5060
7897;5033
7898;5077
7899;5127
7900;5044
7901;5112
7902;5115
7903;5109
7904;5073
7905;5132
7906;5094
7907;5044
7908;5082
7909;5108
7910;4985
7911;5101
7912;5067
7913;5057
7914;5049
7915;5113
7916;5095
7917;5079
7918;5115
7919;5131
7920;5038
7921;5123
7922;5086
7923;5049
7924;5060
7925;5121
7926;5037
7927;5059
7928;5056
7929;5104
7930;5025
7931;5082
7932;5117
7933;5024
7934;5143
7935;5106
7936;5087
7937;5067
7938;5115
7939;5075
7940;5054
7941;5067
7942;5101
7943;4985
7944;5096
7945;5069
7946;5040
7947;5084
7948;5141
7949;5070
7950;5119
7951;5110
7952;5140
7953;5025
7954;5122
7955;5081
7956;5030
7957;5080
7958;5091
7959;5019
7960;5073
7961;5065
7962;5095
7963;5023
7964;5131
7965;5096
7966;5063
7967;5097
7968;5136
7969;5026
7970;5117
7971;5078
7972;5067
7973;5047
7974;5105
7975;5068
7976;5042
7977;5082
7978;5114
7979;5002
7980;5125
7981;5103
7982;5099
7983;5097
7984;5139
7985;5070
7986;5071
7987;5125
7988;5079
7989;5030
7990;5067
7991;5097
7992;4995
7993;5084
7994;5071
7995;5066
7996;5071
7997;5121
7998;5098
7999;5069
8000;5115
8001;5126
8002;5009
8003;5114
8004;5075
8005;5038
8006;5049
8007;5113
8008;5035
8009;5067
8010;5079
8011;5105
8012;5019
8013;5134
8014;5124
8015;5063
8016;5120
8017;5134
8018;5049
8019;5099
8020;5081
8021;5095
8022;5017
8023;5100
8024;5057
8025;5008
8026;5083
8027;5135
8028;5039
8029;5130
8030;5116
8031;5105
8032;5075
8033;5129
8034;5087
8035;5057
8036;5077
8037;5105
8038;4985
8039;5102
8040;5075
8041;5046
8042;5049
8043;5107
8044;5081
8045;5063
8046;5137
8047;5106
8048;5053
8049;5106
8050;5113
8051;5027
8052;5106
8053;5075
8054;5055
8055;5040
8056;5081
8057;5057
8058;5031
8059;5081
8060;5109
8061;5016
8062;5142
8063;5105
8064;5080
8065;5091
8066;5125
8067;5064
8068;5053
8069;5079
8070;5092
8071;4989
8072;5103
8073;5065
8074;5046
8075;5083
8076;5142
8077;5056
8078;5123
8079;5105
8080;5136
8081;5046
8082;5129
8083;5090
8084;5023
8085;5081
8086;5109
8087;5011
8088;5089
8089;5063
8090;5077
8091;5027
8092;5119
8093;5078
8094;5069
8095;5104
8096;5133
8097;5034
8098;5129
8099;5091
8100;5062
8101;5056
8102;5093
8103;5082
8104;5012
8105;5088
8106;5070
8107;5015
8108;5089
8109;5121
8110;5049
8111;5126
8112;5113
8113;5102
8114;5052
8115;5120
8116;5077
8117;5034
8118;5071
8119;5105
8120;4983
8121;5095
8122;5070
8123;5049
8124;5065
8125;5121
8126;5095
8127;5087
8128;5121
8129;5154
8130;5014
8131;5134
8132;5076
8133;5045
8134;5066
8135;5108
8136;5032
8137;5058
8138;5066
8139;5096
8140;5027
8141;5131
8142;5111
8143;5065
8144;5108
8145;5134
8146;5039
8147;5105
8148;5075
8149;5094
8150;5018
8151;5104
8152;5073
8153;5015
8154;5071
8155;5099
8156;5012
8157;5114
8158;5112
8159;5100
8160;5073
8161;5140
8162;5110
8163;5036
8164;5111
8165;5089
8166;5012
8167;5076
8168;5096
8169;5008
8170;5081
8171;5068
8172;5089
8173;5039
8174;5128
8175;5101
8176;5070
8177;5118
8178;5130
8179;5024
8180;5129
8181;5088
8182;5061
8183;5044
8184;5097
8185;5049
8186;5045
8187;5067
8188;5125
8189;5003
8190;5132
8191;5114
8192;5076
8193;5095
8194;5154
8195;5067
8196;5100
8197;5088
8198;5111
8199;5005
8200;5105
8201;5065
8202;5020
8203;5074
8204;5117
8205;5033
8206;5114
8207;5111
8208;5117
8209;5060
8210;5132
8211;5087
8212;5044
8213;5078
8214;5096
8215;5007
8216;5090
8217;5053
8218;5057
8219;5024
8220;5111
8221;5107
8222;5033
8223;5132
8224;5106
8225;5049
8226;5102
8227;5121
8228;5025
8229;5091
8230;5075
8231;5101
8232;5019
8233;5092
8234;5066
8235;5002
8236;5085
8237;5120
8238;5034
8239;5131
8240;5098
8241;5095
8242;5064
8243;5140
8244;5072
8245;5062
8246;5071
8247;5101
8248;4988
8249;5092
8250;5066
8251;5033
8252;5061
8253;5100
8254;5072
8255;5094
8256;5111
8257;5142
8258;5023
8259;5132
8260;5090
8261;5037
8262;5077
8263;5102
8264;5027
8265;5071
8266;5074
8267;5090
8268;5018
8269;5115
8270;5094
8271;5056
8272;5097
8273;5133
8274;5037
8275;5119
8276;5084
8277;5088
8278;5044
8279;5070
8280;5091
8281;4987
8282;5106
8283;5055
8284;5027
8285;5078
8286;5118
8287;5057
8288;5106
8289;5108
8290;5118
8291;5046
8292;5112
8293;5088
8294;5017
8295;5073
8296;5105
8297;4997
8298;5096
8299;5057
8300;5073
8301;5046
8302;5121
8303;5102
8304;5058
8305;5116
8306;5128
8307;5026
8308;5127
8309;5083
8310;5062
8311;5050
8312;5100
8313;5041
8314;5037
8315;5059
8316;5096
8317;4995
8318;5114
8319;5109
8320;5062
8321;5106
8322;5137
8323;5073
8324;5084
8325;5079
8326;5104
8327;4999
8328;5112
8329;5060
8330;5017
8331;5060
8332;5108
8333;5029
8334;5109
8335;5108
8336;5113
8337;5060
8338;5132
8339;5127
8340;5023
8341;5108
8342;5076
8343;5033
8344;5069
8345;5089
8346;5033
8347;5052
8348;5067
8349;5105
8350;5019
8351;5124
8352;5100
8353;5061
8354;5104
8355;5141
8356;5039
8357;5101
8358;5091
8359;5072
8360;5026
8361;5089
8362;5073
8363;5010
8364;5068
8365;5108
8366;5008
8367;5138
8368;5091
8369;5148
8370;5070
8371;5143
8372;5082
8373;5056
8374;5076
8375;5100
8376;4997
8377;5096
8378;5061
8379;5041
8380;5055
8381;5104
8382;5076
8383;5124
8384;5099
8385;5169
8386;5037
8387;5182
8388;5096
8389;5075
8390;5092
8391;5108
8392;5019
8393;5113
8394;5064
8395;5087
8396;5024
8397;5113
8398;5137
8399;5007
8400;5134
8401;5106
8402;5064
8403;5100
8404;5128
8405;5051
8406;5064
8407;5076
8408;5083
8409;5000
8410;5088
8411;5067
8412;5005
8413;5068
8414;5120
8415;5043
8416;5105
8417;5109
8418;5109
8419;5060
8420;5119
8421;5098
8422;5029
8423;5075
8424;5104
8425;5000
8426;5104
8427;5054
8428;5069
8429;5041
8430;5112
8431;5084
8432;5063
8433;5105
8434;5128
8435;5035
8436;5155
8437;5100
8438;5054
8439;5058
8440;5110
8441;5037
8442;5045
8443;5047
8444;5095
8445;4984
8446;5104
8447;5087
8448;5059
8449;5110
8450;5135
8451;5063
8452;5081
8453;5092
8454;5099
8455;5017
8456;5103
8457;5096
8458;4987
8459;5090
8460;5069
8461;5035
8462;5063
8463;5127
8464;5075
8465;5100
8466;5114
8467;5139
8468;5028
8469;5120
8470;5084
8471;5034
8472;5076
8473;5086
8474;5025
8475;5056
8476;5069
8477;5083
8478;5023
8479;5119
8480;5097
8481;5071
8482;5106
8483;5144
8484;5034
8485;5111
8486;5087
8487;5101
8488;5040
8489;5096
8490;5073
8491;5008
8492;5067
8493;5116
8494;4999
8495;5129
8496;5092
8497;5104
8498;5090
8499;5146
8500;5085
8501;5073
8502;5087
8503;5110
8504;4996
8505;5099
8506;5081
8507;5029
8508;5054
8509;5101
8510;5041
8511;5078
8512;5091
8513;5132
8514;5041
8515;5149
8516;5125
8517;5017
8518;5113
8519;5073
8520;5049
8521;5045
8522;5098
8523;5043
8524;5041
8525;5075
8526;5102
8527;5007
8528;5131
8529;5124
8530;5066
8531;5107
8532;5137
8533;5059
8534;5087
8535;5075
8536;5119
8537;4999
8538;5125
8539;5070
8540;5011
8541;5082
8542;5107
8543;5042
8544;5102
8545;5116
8546;5126
8547;5093
8548;5155
8549;5084
8550;5047
8551;5075
8552;5112
8553;4999
8554;5105
8555;5064
8556;5048
8557;5046
8558;5109
8559;5085
8560;5060
8561;5105
8562;5143
8563;5025
8564;5140
8565;5093
8566;5066
8567;5071
8568;5111
8569;5043
8570;5050
8571;5064
8572;5088
8573;4989
8574;5092
8575;5117
8576;5020
8577;5118
8578;5112
8579;5087
8580;5101
8581;5128
8582;5086
8583;5053
8584;5093
8585;5103
8586;4981
8587;5094
8588;5059
8589;5053
8590;5063
8591;5125
8592;5061
8593;5103
8594;5116
8595;5133
8596;5050
8597;5130
8598;5095
8599;5031
8600;5079
8601;5107
8602;5017
8603;5087
8604;5064
8605;5080
8606;5015
8607;5114
8608;5095
8609;5047
8610;5113
8611;5153
8612;5041
8613;5133
8614;5110
8615;5079
8616;5049
8617;5109
8618;5055
8619;5045
8620;5060
8621;5110
8622;4988
8623;5123
8624;5095
8625;5076
8626;5096
8627;5127
8628;5087
8629;5082
8630;5127
8631;5090
8632;5045
8633;5076
8634;5093
8635;4996
8636;5093
8637;5068
8638;5052
8639;5051
8640;5131
8641;5093
8642;5064
8643;5106
8644;5145
8645;5018
8646;5131
8647;5088
8648;5058
8649;5065
8650;5117
8651;5042
8652;5067
8653;5123
8654;5090
8655;5011
8656;5122
8657;5103
8658;5073
8659;5100
8660;5143
8661;5048
8662;5106
8663;5088
8664;5093
8665;5028
8666;5095
8667;5072
8668;5002
8669;5081
8670;5104
8671;5015
8672;5116
8673;5106
8674;5103
8675;5067
8676;5142
8677;5095
8678;5063
8679;5086
8680;5119
8681;5000
8682;5105
8683;5075
8684;5038
8685;5054
8686;5088
8687;5066
8688;5065
8689;5124
8690;5108
8691;5076
8692;5129
8693;5128
8694;5040
8695;5116
8696;5088
8697;5067
8698;5035
8699;5095
8700;5049
8701;5026
8702;5065
8703;5108
8704;4999
8705;5124
8706;5111
8707;5077
8708;5097
8709;5126
8710;5078
8711;5071
8712;5085
8713;5116
8714;4984
8715;5113
8716;5066
8717;5033
8718;5069
8719;5113
8720;5044
8721;5099
8722;5113
8723;5131
8724;5056
8725;5131
8726;5102
8727;5047
8728;5091
8729;5117
8730;5007
8731;5103
8732;5055
8733;5072
8734;5033
8735;5104
8736;5086
8737;5049
8738;5099
8739;5129
8740;5039
8741;5121
8742;5103
8743;5092
8744;5071
8745;5112
8746;5075
8747;5017
8748;5096
8749;5069
8750;5007
8751;5073
8752;5117
8753;5023
8754;5129
8755;5105
8756;5104
8757;5068
8758;5129
8759;5085
8760;5059
8761;5081
8762;5123
8763;4996
8764;5104
8765;5067
8766;5034
8767;5065
8768;5107
8769;5064
8770;5102
8771;5105
8772;5151
8773;5029
8774;5132
8775;5094
8776;5041
8777;5084
8778;5093
8779;5031
8780;5059
8781;5084
8782;5099
8783;5009
8784;5116
8785;5093
8786;5053
8787;5103
8788;5144
8789;5043
8790;5121
8791;5100
8792;5090
8793;5040
8794;5132
8795;5070
8796;5024
8797;5078
8798;5091
8799;4994
8800;5105
8801;5088
8802;5087
8803;5071
8804;5141
8805;5119
8806;5060
8807;5117
8808;5086
8809;5036
8810;5079
8811;5100
8812;5005
8813;5085
8814;5074
8815;5073
8816;5042
8817;5114
8818;5102
8819;5050
8820;5109
8821;5129
8822;5032
8823;5120
8824;5086
8825;5066
8826;5049
8827;5120
8828;5041
8829;5046
8830;5060
8831;5099
8832;4993
8833;5102
8834;5103
8835;5063
8836;5123
8837;5139
8838;5076
8839;5100
8840;5099
8841;5121
8842;5005
8843;5105
8844;5061
8845;5048
8846;5065
8847;5104
8848;5030
8849;5108
8850;5102
8851;5110
8852;5070
8853;5140
8854;5108
8855;5049
8856;5080
8857;5111
8858;4997
8859;5103
8860;5064
8861;5059
8862;5055
8863;5067
8864;5097
8865;5009
8866;5129
8867;5099
8868;5052
8869;5104
8870;5131
8871;5045
8872;5105
8873;5085
8874;5076
8875;5036
8876;5095
8877;5078
8878;5015
8879;5070
8880;5111
8881;5012
8882;5143
8883;5095
8884;5110
8885;5082
8886;5142
8887;5084
8888;5112
8889;5305
8890;5135
8891;4990
8892;5111
8893;5064
8894;5031
8895;5059
8896;5135
8897;5046
8898;5083
8899;5110
8900;5128
8901;5048
8902;5139
8903;5100
8904;5040
8905;5098
8906;5111
8907;5020
8908;5092
8909;5061
8910;5080
8911;5010
8912;5108
8913;5087
8914;5053
8915;5109
8916;5136
8917;5070
8918;5104
8919;5133
8920;5048
8921;5093
8922;5080
8923;5090
8924;5014
8925;5095
8926;5068
8927;4999
8928;5079
8929;5102
8930;5034
8931;5121
8932;5116
8933;5116
8934;5055
8935;5146
8936;5086
8937;5053
8938;5076
8939;5096
8940;4999
8941;5090
8942;5070
8943;5040
8944;5049
8945;5110
8946;5081
8947;5098
8948;5107
8949;5153
8950;5018
8951;5138
8952;5087
8953;5059
8954;5077
8955;5109
8956;5043
8957;5063
8958;5074
8959;5096
8960;5003
8961;5111
8962;5099
8963;5058
8964;5102
8965;5147
8966;5050
8967;5114
8968;5088
8969;5101
8970;5032
8971;5102
8972;5071
8973;5009
8974;5094
8975;5063
8976;5032
8977;5078
8978;5103
8979;5068
8980;5101
8981;5109
8982;5127
8983;5044
8984;5121
8985;5091
8986;5028
8987;5074
8988;5102
8989;5008
8990;5078
8991;5060
8992;5091
8993;5023
8994;5138
8995;5102
8996;5055
8997;5122
8998;5164
8999;5040
9000;5126
9001;5092
9002;5068
9003;5046
9004;5113
9005;5054
9006;5043
9007;5064
9008;5097
9009;4996
9010;5117
9011;5102
9012;5070
9013;5102
9014;5143
9015;5086
9016;5096
9017;5097
9018;5099
9019;5001
9020;5106
9021;5062
9022;5023
9023;5060
9024;5103
9025;5030
9026;5088
9027;5101
9028;5126
9029;5056
9030;5135
9031;5138
9032;5005
9033;5122
9034;5084
9035;5045
9036;5080
9037;5098
9038;5036
9039;5050
9040;5077
9041;5096
9042;5017
9043;5129
9044;5105
9045;5065
9046;5103
9047;5147
9048;5044
9049;5118
9050;5094
9051;5091
9052;5024
9053;5091
9054;5073
9055;5008
9056;5070
9057;5104
9058;5009
9059;5137
9060;5099
9061;5109
9062;5072
9063;5141
9064;5090
9065;5066
9066;5100
9067;5107
9068;4998
9069;5102
9070;5081
9071;5049
9072;5059
9073;5105
9074;5057
9075;5074
9076;5089
9077;5144
9078;5024
9079;5139
9080;5092
9081;5056
9082;5083
9083;5123
9084;5038
9085;5061
9086;5070
9087;5083
9088;5003
9089;5101
9090;5111
9091;5012
9092;5125
9093;5121
9094;5071
9095;5099
9096;5127
9097;5066
9098;5078
9099;5084
9100;5112
9101;4988
9102;5103
9103;5066
9104;5028
9105;5076
9106;5113
9107;5049
9108;5102
9109;5111
9110;5118
9111;5067
9112;5135
9113;5099
9114;5031
9115;5073
9116;5119
9117;5001
9118;5098
9119;5059
9120;5072
9121;5032
9122;5107
9123;5099
9124;5051
9125;5117
9126;5149
9127;5029
9128;5142
9129;5089
9130;5074
9131;5053
9132;5111
9133;5047
9134;5050
9135;5065
9136;5091
9137;4989
9138;5107
9139;5099
9140;5057
9141;5115
9142;5135
9143;5075
9144;5101
9145;5092
9146;5111
9147;5042
9148;5081
9149;5098
9150;4998
9151;5107
9152;5068
9153;5039
9154;5062
9155;5104
9156;5064
9157;5083
9158;5101
9159;5139
9160;5035
9161;5125
9162;5104
9163;5030
9164;5082
9165;5103
9166;5044
9167;5067
9168;5060
9169;5099
9170;5010
9171;5138
9172;5097
9173;5070
9174;5105
9175;5147
9176;5049
9177;5114
9178;5104
9179;5078
9180;5045
9181;5104
9182;5069
9183;5028
9184;5076
9185;5093
9186;4994
9187;5122
9188;5090
9189;5093
9190;5078
9191;5139
9192;5091
9193;5069
9194;5092
9195;5116
9196;4997
9197;5103
9198;5077
9199;5026
9200;5064
9201;5102
9202;5035
9203;5099
9204;5097
9205;5144
9206;5055
9207;5113
9208;5136
9209;5016
9210;5118
9211;5078
9212;5055
9213;5058
9214;5092
9215;5050
9216;5043
9217;5081
9218;5103
9219;4999
9220;5118
9221;5115
9222;5074
9223;5111
9224;5134
9225;5060
9226;5097
9227;5085
9228;5124
9229;5008
9230;5105
9231;5069
9232;5016
9233;5070
9234;5109
9235;5031
9236;5097
9237;5113
9238;5121
9239;5070
9240;5150
9241;5110
9242;5049
9243;5077
9244;5118
9245;4993
9246;5104
9247;5069
9248;5052
9249;5043
9250;5106
9251;5073
9252;5057
9253;5105
9254;5149
9255;5032
9256;5138
9257;5093
9258;5068
9259;5070
9260;5110
9261;5045
9262;5063
9263;5092
9264;5061
9265;5017
9266;5064
9267;5115
9268;5010
9269;5134
9270;5106
9271;5088
9272;5089
9273;5145
9274;5082
9275;5060
9276;5083
9277;5091
9278;4993
9279;5095
9280;5066
9281;5028
9282;5056
9283;5120
9284;5054
9285;5099
9286;5108
9287;5136
9288;5042
9289;5124
9290;5117
9291;5033
9292;5084
9293;5097
9294;5024
9295;5080
9296;5068
9297;5086
9298;5008
9299;5117
9300;5084
9301;5044
9302;5107
9303;5140
9304;5045
9305;5137
9306;5111
9307;5089
9308;5053
9309;5107
9310;5079
9311;5031
9312;5066
9313;5105
9314;4983
9315;5108
9316;5080
9317;5081
9318;5099
9319;5148
9320;5110
9321;5066
9322;5123
9323;5077
9324;5038
9325;5079
9326;5091
9327;5000
9328;5095
9329;5066
9330;5049
9331;5047
9332;5109
9333;5094
9334;5070
9335;5101
9336;5138
9337;5018
9338;5122
9339;5080
9340;5070
9341;5060
9342;5110
9343;5045
9344;5044
9345;5069
9346;5090
9347;4999
9348;5106
9349;5101
9350;5065
9351;5113
9352;5148
9353;5063
9354;5106
9355;5084
9356;5119
9357;5021
9358;5107
9359;5071
9360;5005
9361;5068
9362;5111
9363;5018
9364;5110
9365;5092
9366;5101
9367;5070
9368;5155
9369;5094
9370;5074
9371;5082
9372;5114
9373;5002
9374;5109
9375;5077
9376;5041
9377;5049
9378;5084
9379;5053
9380;5046
9381;5124
9382;5105
9383;5049
9384;5108
9385;5138
9386;5043
9387;5112
9388;5088
9389;5065
9390;5042
9391;5105
9392;5060
9393;5033
9394;5067
9395;5106
9396;4994
9397;5146
9398;5101
9399;5081
9400;5108
9401;5123
9402;5085
9403;5073
9404;5093
9405;5114
9406;4993
9407;5143
9408;5066
9409;5028
9410;5056
9411;5105
9412;5030
9413;5078
9414;5098
9415;5126
9416;5053
9417;5129
9418;5111
9419;5049
9420;5176
9421;5118
9422;5019
9423;5094
9424;5071
9425;5070
9426;5019
9427;5105
9428;5073
9429;5044
9430;5103
9431;5147
9432;5047
9433;5141
9434;5100
9435;5070
9436;5099
9437;5086
9438;5086
9439;5025
9440;5089
9441;5070
9442;5000
9443;5077
9444;5099
9445;5020
9446;5129
9447;5108
9448;5106
9449;5067
9450;5131
9451;5089
9452;5059
9453;5082
9454;5110
9455;4994
9456;5082
9457;5066
9458;5055
9459;5059
9460;5106
9461;5069
9462;5071
9463;5103
9464;5151
9465;5017
9466;5138
9467;5087
9468;5062
9469;5079
9470;5115
9471;5037
9472;5064
9473;5074
9474;5084
9475;5008
9476;5114
9477;5082
9478;5044
9479;5096
9480;5136
9481;5052
9482;5128
9483;5095
9484;5099
9485;5040
9486;5120
9487;5069
9488;5016
9489;5074
9490;5084
9491;4997
9492;5106
9493;5082
9494;5091
9495;5067
9496;5141
9497;5128
9498;5060
9499;5125
9500;5104
9501;5025
9502;5078
9503;5105
9504;5012
9505;5079
9506;5057
9507;5072
9508;5023
9509;5137
9510;5092
9511;5063
9512;5116
9513;5135
9514;5035
9515;5131
9516;5098
9517;5063
9518;5047
9519;5126
9520;5045
9521;5048
9522;5065
9523;5100
9524;4995
9525;5110
9526;5101
9527;5064
9528;5114
9529;5130
9530;5074
9531;5096
9532;5089
9533;5113
9534;5003
9535;5103
9536;5070
9537;5026
9538;5058
9539;5100
9540;5018
9541;5084
9542;5089
9543;5118
9544;5054
9545;5130
9546;5125
9547;5044
9548;5090
9549;5116
9550;5015
9551;5102
9552;5061
9553;5065
9554;5058
9555;5081
9556;5096
9557;5008
9558;5123
9559;5094
9560;5078
9561;5115
9562;5135
9563;5050
9564;5111
9565;5101
9566;5079
9567;5035
9568;5087
9569;5074
9570;5012
9571;5069
9572;5092
9573;5001
9574;5119
9575;5090
9576;5110
9577;5073
9578;5153
9579;5092
9580;5079
9581;5089
9582;5108
9583;4999
9584;5092
9585;5076
9586;5034
9587;5052
9588;5104
9589;5051
9590;5081
9591;5093
9592;5143
9593;5030
9594;5159
9595;5103
9596;5047
9597;5092
9598;5106
9599;5035
9600;5071
9601;5076
9602;5078
9603;5000
9604;5108
9605;5072
9606;5041
9607;5089
9608;5137
9609;5049
9610;5125
9611;5144
9612;5069
9613;5077
9614;5077
9615;5101
9616;4994
9617;5101
9618;5064
9619;5013
9620;5072
9621;5114
9622;5042
9623;5093
9624;5113
9625;5114
9626;5060
9627;5124
9628;5098
9629;5045
9630;5081
9631;5110
9632;5004
9633;5120
9634;5068
9635;5056
9636;5037
9637;5106
9638;5088
9639;5053
9640;5106
9641;5136
9642;5026
9643;5144
9644;5089
9645;5074
9646;5060
9647;5120
9648;5046
9649;5055
9650;5066
9651;5096
9652;4982
9653;5102
9654;5085
9655;5059
9656;5105
9657;5141
9658;5078
9659;5094
9660;5113
9661;5116
9662;5006
9663;5126
9664;5071
9665;5023
9666;5062
9667;5093
9668;5011
9669;5081
9670;5090
9671;5095
9672;5087
9673;5113
9674;5136
9675;5027
9676;5131
9677;5091
9678;5032
9679;5087
9680;5095
9681;5033
9682;5064
9683;5069
9684;5086
9685;5003
9686;5117
9687;5097
9688;5056
9689;5105
9690;5154
9691;5055
9692;5110
9693;5093
9694;5080
9695;5047
9696;5098
9697;5071
9698;5020
9699;5066
9700;5106
9701;4993
9702;5110
9703;5081
9704;5094
9705;5075
9706;5147
9707;5090
9708;5077
9709;5093
9710;5119
9711;5017
9712;5128
9713;5072
9714;5061
9715;5057
9716;5101
9717;5034
9718;5081
9719;5092
9720;5133
9721;5046
9722;5145
9723;5113
9724;5049
9725;5096
9726;5107
9727;5030
9728;5077
9729;5095
9730;5051
9731;5032
9732;5075
9733;5099
9734;4994
9735;5109
9736;5108
9737;5058
9738;5103
9739;5139
9740;5064
9741;5087
9742;5079
9743;5109
9744;5004
9745;5111
9746;5071
9747;5021
9748;5074
9749;5095
9750;5024
9751;5105
9752;5095
9753;5124
9754;5057
9755;5170
9756;5097
9757;5065
9758;5080
9759;5115
9760;5002
9761;5098
9762;5068
9763;5053
9764;5039
9765;5114
9766;5089
9767;5063
9768;5098
9769;5141
9770;5029
9771;5137
9772;5096
9773;5075
9774;5080
9775;5117
9776;5049
9777;5074
9778;5072
9779;5097
9780;4995
9781;5099
9782;5083
9783;5027
9784;5105
9785;5131
9786;5100
9787;5092
9788;5139
9789;5089
9790;5068
9791;5086
9792;5106
9793;4984
9794;5101
9795;5059
9796;5026
9797;5053
9798;5229
9799;5052
9800;5091
9801;5119
9802;5137
9803;5046
9804;5133
9805;5099
9806;5035
9807;5093
9808;5103
9809;5029
9810;5084
9811;5061
9812;5086
9813;5019
9814;5110
9815;5079
9816;5070
9817;5101
9818;5143
9819;5040
9820;5129
9821;5119
9822;5074
9823;5146
9824;5122
9825;5067
9826;5046
9827;5072
9828;5101
9829;4980
9830;5103
9831;5076
9832;5065
9833;5092
9834;5141
9835;5086
9836;5086
9837;5103
9838;5113
9839;5024
9840;5110
9841;5102
9842;4999
9843;5093
9844;5068
9845;5047
9846;5050
9847;5108
9848;5080
9849;5070
9850;5104
9851;5138
9852;5020
9853;5130
9854;5083
9855;5055
9856;5069
9857;5117
9858;5036
9859;5057
9860;5071
9861;5089
9862;5007
9863;5093
9864;5095
9865;5051
9866;5122
9867;5166
9868;5070
9869;5133
9870;5090
9871;5105
9872;5037
9873;5127
9874;5111
9875;5010
9876;5069
9877;5087
9878;5047
9879;5128
9880;5119
9881;5096
9882;5071
9883;5154
9884;5128
9885;5075
9886;5105
9887;5112
9888;5007
9889;5100
9890;5070
9891;5032
9892;5045
9893;5098
9894;5028
9895;5072
9896;5083
9897;5131
9898;5051
9899;5106
9900;5129
9901;5022
9902;5120
9903;5078
9904;5064
9905;5046
9906;5095
9907;5056
9908;5033
9909;5070
9910;5092
9911;4992
9912;5115
9913;5105
9914;5087
9915;5092
9916;5139
9917;5069
9918;5131
9919;5089
9920;5111
9921;5014
9922;5101
9923;5068
9924;5010
9925;5063
9926;5080
9927;5022
9928;5084
9929;5078
9930;5124
9931;5052
9932;5145
9933;5097
9934;5073
9935;5080
9936;5122
9937;5007
9938;5097
9939;5074
9940;5058
9941;5040
9942;5097
9943;5078
9944;5044
9945;5103
9946;5132
9947;5031
9948;5138
9949;5104
9950;5069
9951;5069
9952;5117
9953;5053
9954;5047
9955;5070
9956;5082
9957;4983
9958;5098
9959;5098
9960;5011
9961;5117
9962;5106
9963;5091
9964;5082
9965;5119
9966;5093
9967;5041
9968;5093
9969;5118
9970;4988
9971;5091
9972;5057
9973;5042
9974;5049
9975;5107
9976;5058
9977;5072
9978;5100
9979;5135
9980;5025
9981;5124
9982;5097
9983;5040
9984;5084
9985;5110
9986;5031
9987;5077
9988;5061
9989;5096
9990;5000
9991;5096
9992;5090
9993;5030
9994;5097
9995;5124
9996;5057
9997;5120
9998;5102
9999;5103
10000;5037
10001;50836668
